2139
558
1874
429
543
403
1044
2824
977
1004
277
276
1215
821
854
819
422
230
224
636
1232
1013
136
641
527
655
740
966
1179
406
186
230
632
632
725
728
293
813
331
720
286
814
900
639
123
738
1044
1428
1132
201
1381
950
86
492
616
259
190
117
405
401
259
318
2132
1658
385
291
287
226
211
120
294
133
578
124
98
89
591
561
351
1861
207
129
102
197
79
183
106
785
1886
1879
965
150
3214
324
931
163
136
173
69
335
430
468
595
552
326
158
247
25
1254
143
186
140
123
171
271
193
193
118
436
6565
464
87
146
710
389
413
502
881
147
235
122
730
669
110
161
156
845
135
287
297
89
88
165
138
320
392
283
154
126
1671
149
178
192
122
127
118
270
81
104
517
120
218
132
314
150
108
148
113
125
113
166
150
111
127
662
94
504
102
85
104
87
86
99
262
145
138
75
61
74
73
75
66
72
123
218
247
186
186
194
184
170
252
276
188
226
146
138
164
176
139
725
520
121
109
94
223
4280
95
141
129
156
212
201
165
147
141
145
141
160
179
165
158
158
163
159
196
4760
141
157
240
169
232
147
176
163
135
417
138
443
151
271
158
157
175
281
119
256
132
138
223
188
487
158
168
508
150
110
332
162
114
82
79
224
97
165
82
89
83
91
96
82
845
92
84
92
66
83
91
63
201
239
100
148
5131
4395
77
66
173
158
309
85
230
220
243
183
146
146
111
96
154
91
114
124
93
104
88
102
78
126
82
106
116
248
86
226
164
81
95
161
130
91
83
81
84
82
121
99
179
82
79
131
128
228
255
947
1151
172
195
287
142
138
146
62
77
143
75
70
142
55
55
76
221
78
121
81
117
201
169
149
205
186
176
171
145
127
152
164
156
127
192
157
119
133
131
104
104
78
113
149
207
104
109
132
130
185
165
370
384
178
186
134
6570
154
567
172
571
137
156
215
227
287
281
147
263
152
1261
154
181
226
154
231
227
214
242
229
136
177
225
215
374
201
275
139
132
5515
330
215
136
155
165
174
148
161
125
146
98
117
136
113
98
161
73
43
71
51
319
51
51
88
99
66
154
74
63
62
117
129
119
137
152
124
114
149
177
148
170
142
147
152
141
152
235
210
153
147
196
384
209
143
173
235
387
161
291
298
1279
289
131
1283
535
140
51
102
93
141
130
714
109
116
98
129
156
144
132
118
132
118
140
130
168
151
678
205
111
104
220
193
203
553
1782
215
179
188
109
151
163
129
174
92
200
78
257
98
84
81
94
103
123
212
111
161
215
182
96
466
143
58
526
625
177
114
95
101
92
90
176
175
203
159
3171
3944
134
2637
248
168
144
126
163
136
212
372
284
191
760
118
108
113
114
118
137
178
375
186
136
231
93
105
88
88
237
278
263
349
128
142
127
111
192
108
140
85
93
69
109
72
78
82
72
92
85
105
130
160
85
107
104
142
109
121
115
110
99
117
158
89
173
231
200
196
252
2479
356
173
136
172
161
780
143
128
119
122
126
124
127
243
139
145
150
139
93
203
134
115
120
104
192
254
220
160
151
137
139
138
111
114
96
91
120
94
79
62
55
69
73
56
58
117
177
132
95
147
103
109
97
116
104
182
139
126
131
141
142
339
129
167
158
172
144
118
132
108
153
212
119
124
93
93
114
107
117
163
729
121
146
111
1483
192
186
149
144
105
117
74
83
104
119
137
154
91
299
394
127
79
76
66
65
39
73
40
42
72
113
37
43
53
54
54
57
55
53
54
151
150
88
82
118
142
6570
137
117
164
114
87
69
48
142
134
60
54
75
75
53
57
46
46
136
124
62
75
59
121
70
54
56
54
79
96
54
47
47
53
50
49
51
51
108
156
161
152
223
157
212
147
156
157
205
207
157
305
140
145
188
193
178
267
141
286
153
128
176
267
108
87
98
170
203
144
163
139
106
124
110
123
106
138
132
169
132
137
137
147
192
123
124
127
123
151
133
162
159
147
131
219
133
218
211
159
225
232
148
128
162
191
118
155
181
127
124
155
139
202
204
205
217
117
122
134
105
97
97
100
95
109
141
167
100
97
73
70
84
75
70
77
77
68
68
64
70
62
59
68
65
97
68
68
107
66
161
116
91
64
55
41
46
63
94
118
136
158
321
161
146
138
125
126
132
148
136
162
183
141
142
146
134
147
196
174
134
185
168
203
151
632
165
211
237
121
159
126
151
114
111
116
123
126
112
121
103
119
160
123
169
129
139
151
156
157
171
275
132
293
47
61
112
65
83
58
55
61
77
70
82
86
113
115
128
121
190
119
185
132
127
148
127
306
143
255
277
161
287
222
182
179
141
173
151
167
136
143
187
239
114
138
131
109
104
97
92
89
91
86
91
104
144
94
97
95
195
118
100
133
188
114
282
138
107
131
135
161
107
89
125
112
126
56
87
98
116
131
131
90
72
172
176
169
152
198
95
79
149
108
115
111
83
5713
91
258
106
263
112
156
146
126
136
126
134
157
139
155
133
135
95
99
126
128
270
117
118
202
125
139
169
93
108
88
100
86
142
139
57
91
116
130
119
140
119
103
64
117
133
132
139
135
130
143
114
129
113
132
123
283
211
133
161
134
118
732
68
942
78
76
150
112
57
59
57
91
71
97
114
96
230
83
91
123
96
106
95
92
108
101
160
131
150
113
36
128
970
113
133
113
161
115
120
37
45
65
63
73
71
71
66
163
162
159
139
159
167
192
138
127
128
439
276
244
110
139
202
354
329
173
1537
216
171
190
144
140
144
142
146
279
845
393
248
324
426
139
139
358
140
135
152
279
137
144
130
178
131
131
672
132
277
157
136
2108
167
151
140
265
202
267
197
676
199
281
178
195
164
157
158
363
355
393
175
276
267
334
126
158
356
145
183
337
131
360
384
218
349
294
342
240
209
305
293
131
218
204
356
193
405
492
197
243
234
206
224
230
851
372
216
140
134
145
140
337
149
157
155
200
324
309
279
199
276
174
257
149
210
152
146
158
214
151
6570
154
221
230
239
288
121
212
133
424
536
107
278
370
137
654
190
202
301
145
160
172
168
296
203
247
183
265
411
293
335
138
136
190
162
195
143
282
266
241
163
222
166
139
136
158
233
228
165
182
160
120
128
354
216
338
117
283
216
244
118
279
184
150
266
177
136
219
134
70
70
1862
79
76
147
2765
114
3910
102
186
1346
148
113
1807
151
98
1051
124
221
171
174
954
325
140
158
392
449
511
298
1627
1940
1948
5352
130
498
117
118
338
108
159
189
163
157
161
146
208
182
129
60
111
65
28
68
66
224
401
149
192
101
137
562
194
113
63
64
89
74
93
147
261
384
158
170
133
71
38
38
5413
47
273
222
48
88
74
490
240
144
3078
181
86
141
115
115
92
156
134
139
128
126
23
3915
126
142
175
99
101
70
128
167
153
135
86
175
167
570
337
375
70
201
194
223
903
153
103
77
430
169
132
157
184
150
402
138
119
1350
171
134
136
240
57
24
146
120
127
24
220
220
141
129
216
118
147
278
131
33
138
473
207
315
101
85
135
219
655
231
239
118
2425
111
109
128
108
6510
886
145
160
321
73
168
145
127
101
99
100
56
56
56
117
861
110
105
572
178
144
146
123
33
70
963
183
102
100
165
106
257
118
68
129
125
148
145
48
118
81
81
62
269
217
36
98
123
136
122
201
323
150
136
108
127
57
451
105
94
91
149
813
123
5152
96
1083
399
185
95
176
207
137
1761
179
4591
100
258
72
145
158
219
435
215
935
217
165
130
201
111
121
145
251
263
216
152
223
240
141
234
157
142
219
142
176
233
205
733
145
162
188
3556
6322
108
121
121
344
69
118
178
100
99
123
112
173
106
137
150
172
246
166
72
161
150
51
66
44
47
140
77
115
193
227
1572
832
622
110
91
140
71
85
84
61
301
113
98
123
115
74
142
48
166
86
154
112
121
121
121
5720
114
184
142
158
383
182
269
158
121
270
163
172
57
223
103
52
206
1935
111
123
122
156
128
159
111
106
79
78
99
117
136
118
210
124
93
96
123
129
139
199
137
125
95
56
56
88
92
639
259
247
151
102
65
183
112
107
80
124
111
68
148
54
71
71
70
223
697
192
67
125
180
223
62
150
96
98
75
143
129
424
144
144
143
110
2167
84
87
88
102
82
121
79
148
87
134
122
116
129
115
96
95
126
126
124
141
47
149
152
74
59
99
95
99
166
176
89
99
173
170
256
129
60
46
152
134
109
228
127
723
90
177
174
77
123
124
90
190
152
312
1109
150
3808
2461
137
264
104
77
103
129
54
130
178
84
122
164
164
187
155
145
104
118
38
183
39
955
98
99
276
92
5340
86
210
277
118
117
156
155
253
136
672
262
211
166
156
159
177
103
84
47
133
51
50
564
1177
77
728
36
116
118
75
75
145
849
133
170
138
2185
74
64
101
201
80
140
76
78
173
133
128
103
125
253
3032
254
48
606
133
185
80
161
97
2971
4313
79
162
81
138
104
54
57
177
1055
107
103
62
74
62
131
48
82
79
81
116
83
130
88
50
135
100
94
65
102
81
78
46
83
111
102
469
60
65
70
126
108
339
53
138
125
101
55
158
142
143
35
171
100
110
111
133
94
134
127
65
65
139
120
129
85
71
126
155
208
109
160
178
234
121
205
109
120
114
95
90
97
91
67
118
151
310
150
193
61
163
218
195
66
66
153
318
529
117
118
114
144
136
179
135
56
83
84
84
170
116
218
102
55
159
71
75
88
135
77
1178
82
110
88
101
119
103
121
47
46
66
107
117
124
236
221
188
134
112
151
61
76
111
132
191
184
79
76
143
150
180
224
82
76
95
91
108
128
96
91
118
102
706
132
133
202
126
159
68
165
164
182
658
153
290
91
95
161
116
219
149
190
282
241
150
194
94
68
91
109
110
121
99
148
65
164
67
807
227
134
65
125
357
1837
88
83
124
79
64
68
95
244
116
188
127
114
90
44
119
88
63
133
63
169
1915
4922
1915
4704
147
190
146
134
137
243
147
160
151
152
196
196
148
130
129
137
92
128
99
98
86
141
60
63
147
124
153
146
142
292
77
82
88
107
97
168
118
118
127
141
62
150
128
429
184
155
63
77
130
99
95
22
78
2019
68
70
75
146
73
116
128
95
181
108
74
79
122
134
110
4998
141
2041
118
474
124
107
52
78
54
94
167
372
68
191
74
1017
820
237
144
105
90
90
89
97
140
138
118
129
142
70
115
135
95
92
3082
461
363
73
135
168
105
125
59
136
643
115
132
88
171
161
153
156
131
131
122
177
172
146
106
182
45
265
122
163
105
160
213
134
122
460
60
301
200
255
726
127
77
207
140
70
150
205
145
142
204
121
140
135
63
60
98
60
90
124
125
104
143
234
206
92
127
66
70
144
55
87
340
130
78
805
174
138
1111
245
168
216
4018
1028
152
92
304
229
93
115
122
4324
176
78
652
121
329
135
142
189
181
198
312
151
283
142
150
251
123
118
136
179
101
51
133
124
86
192
125
121
102
201
122
103
221
26
64
447
130
146
86
110
166
92
38
38
102
131
139
138
145
61
61
167
74
70
71
81
73
74
119
80
112
174
66
59
79
78
142
76
64
60
91
120
142
91
159
540
258
171
238
135
149
124
111
123
116
83
76
121
76
76
173
162
146
201
225
1159
868
58
149
54
55
61
60
61
67
85
130
166
224
148
153
613
164
138
157
134
379
147
93
83
70
63
54
48
71
58
59
112
115
110
109
94
90
269
97
156
118
131
167
66
246
136
167
154
154
126
64
130
44
44
52
52
120
68
93
123
129
124
124
125
391
125
125
60
103
135
28
315
62
143
27
132
131
202
111
37
153
151
160
214
195
168
135
149
127
125
22
103
84
4331
1563
147
45
95
59
59
257
166
116
136
134
156
195
99
164
180
133
138
135
68
67
222
94
83
82
163
606
232
27
106
103
89
204
207
122
65
61
117
116
273
133
910
145
135
127
149
145
139
64
100
61
59
64
64
113
117
117
59
369
193
201
161
174
178
601
109
107
136
211
184
111
111
120
134
126
112
113
113
275
114
108
142
80
99
178
60
223
161
127
185
389
142
2897
87
118
150
122
132
115
27
102
47
61
38
129
111
111
27
25
31
46
41
45
61
71
67
66
60
109
64
59
59
139
122
111
86
83
189
124
131
179
65
3254
154
115
781
765
106
105
97
96
96
131
93
172
112
111
121
88
102
169
150
169
98
95
112
159
146
180
150
147
124
123
126
123
115
112
123
76
138
156
66
70
68
142
87
74
118
122
116
77
77
125
126
116
75
67
80
124
64
66
131
2047
133
87
89
153
127
187
130
128
132
125
125
125
69
153
45
61
129
68
63
125
202
116
172
130
129
123
143
121
121
125
109
108
127
55
151
109
98
126
153
148
120
64
183
118
86
128
119
116
78
25
55
55
114
127
83
78
956
95
77
53
127
70
69
69
817
123
167
86
85
217
180
69
81
143
134
54
20
133
170
145
139
98
86
27
210
129
192
160
248
75
72
173
163
175
117
305
244
133
53
85
90
97
136
128
155
162
80
113
314
2364
163
159
128
107
76
98
96
106
103
102
99
109
120
108
126
67
21
21
118
110
69
908
79
145
89
108
55
145
89
344
114
120
126
137
108
117
138
111
109
124
119
118
192
110
109
93
117
190
154
197
225
120
129
76
212
5578
75
125
102
76
119
66
75
69
56
245
67
94
95
81
73
738
212
62
73
63
118
124
122
80
29
66
381
435
144
228
165
338
128
180
159
147
186
705
166
145
328
148
141
50
62
129
130
180
127
58
57
56
58
2114
57
88
80
80
480
138
33
60
580
119
60
85
100
76
100
75
77
163
21
233
331
97
125
136
135
145
114
80
73
69
70
67
112
102
137
53
41
110
67
186
134
59
78
118
157
136
114
117
116
113
94
86
147
286
88
116
54
69
124
197
88
84
1873
110
61
70
113
99
136
152
141
161
139
147
319
33
62
54
123
216
59
73
67
58
647
185
101
102
159
277
178
275
238
159
137
199
173
148
251
288
229
144
159
186
188
165
169
184
159
155
57
1463
84
87
111
871
97
92
131
344
195
171
103
149
98
91
98
89
121
121
117
122
113
94
41
52
110
32
124
124
145
120
205
118
144
111
114
68
149
181
192
130
92
89
89
125
87
112
500
113
28
36
354
1978
411
138
131
103
62
66
105
643
124
60
213
61
139
302
118
281
3315
51
95
122
95
153
719
796
1834
2881
3476
49
71
101
95
70
71
104
74
142
121
117
98
81
60
204
131
73
38
37
36
168
137
76
50
55
81
236
189
72
110
59
77
109
115
129
99
246
129
104
30
61
2240
201
138
135
324
139
89
133
93
208
133
569
140
140
121
219
118
105
373
59
3916
1862
61
123
135
151
128
142
155
100
259
68
245
145
134
61
125
106
106
249
138
123
270
708
1422
108
108
258
2691
344
265
198
389
160
663
1107
314
736
661
147
303
2835
151
160
120
207
146
96
108
103
188
114
110
156
146
103
104
111
106
3293
114
174
109
108
83
771
45
45
773
88
88
163
154
119
136
202
1571
139
126
575
183
101
138
113
53
163
86
137
143
201
153
54
54
132
160
363
201
97
101
128
105
82
162
41
315
95
167
373
773
90
116
214
72
131
163
285
132
94
84
161
81
95
323
81
63
186
53
43
100
156
36
29
102
99
108
88
111
84
270
87
262
218
186
118
127
120
52
60
59
119
108
49
369
163
456
192
129
119
350
125
86
177
117
95
104
73
79
112
102
299
133
91
85
85
92
346
121
345
90
161
175
105
184
276
489
172
257
161
197
467
189
244
120
58
204
3419
69
143
203
190
253
305
183
199
451
141
98
105
102
176
78
82
128
2019
366
526
286
216
151
111
50
52
119
140
219
175
78
63
265
693
242
117
204
179
68
68
85
79
66
1085
125
370
64
75
64
64
51
138
281
369
379
142
139
110
216
292
182
223
203
323
215
115
110
115
128
99
69
107
48
32
54
61
149
119
49
82
84
87
148
145
260
105
147
163
126
79
134
133
162
48
129
105
149
72
119
306
240
228
208
79
101
25
25
102
129
134
103
235
84
115
134
115
110
119
226
245
228
1342
66
202
228
176
215
143
174
120
113
114
269
167
133
114
82
167
79
272
147
267
147
123
103
169
808
216
193
220
63
3625
130
88
73
75
197
447
134
111
218
58
156
126
200
127
140
59
62
170
101
61
94
68
99
94
132
60
33
1597
93
1590
99
79
104
96
86
91
194
122
143
124
175
279
280
236
199
48
438
167
58
59
144
181
123
142
404
2199
169
100
552
39
70
65
139
92
78
87
68
85
121
406
156
140
135
98
113
235
194
166
174
197
147
242
1145
104
213
188
150
196
151
983
144
107
141
580
151
151
469
82
82
72
67
71
75
69
43
140
1392
43
79
2036
2231
58
58
71
68
69
135
119
139
138
137
131
128
652
130
199
657
321
138
427
88
165
625
130
266
134
98
45
53
5498
190
2305
170
125
141
150
123
130
112
120
241
85
109
102
205
100
133
84
83
121
80
138
135
59
61
185
62
57
132
68
53
75
51
37
135
221
75
93
166
201
243
462
233
290
539
880
77
121
134
126
689
122
128
101
321
242
171
111
110
339
159
159
96
101
85
108
87
88
71
81
86
98
302
118
133
117
374
99
102
134
151
171
105
337
156
180
181
150
168
191
132
47
339
87
104
197
153
104
77
134
198
222
57
97
60
57
77
71
72
128
158
391
237
455
175
215
205
194
102
719
120
109
138
89
252
1444
78
37
33
50
133
4873
987
941
683
115
147
169
200
331
228
220
2326
114
610
90
123
163
34
36
283
134
207
235
47
78
92
79
91
267
109
98
122
108
295
160
147
155
184
200
142
167
152
187
195
184
176
143
263
143
239
149
232
119
118
169
73
88
145
79
87
82
54
119
52
91
471
205
143
895
121
148
76
61
69
50
138
46
38
31
72
97
106
117
127
50
102
103
54
111
99
146
200
34
63
93
160
139
120
59
184
39
29
39
30
225
117
91
157
128
183
175
153
98
118
85
102
200
79
83
97
96
112
111
119
164
141
243
168
158
264
126
123
612
92
171
91
107
102
219
272
63
128
525
143
143
263
392
96
127
174
147
87
75
51
45
59
59
90
170
682
253
141
55
4314
103
584
196
149
274
39
299
66
108
89
439
163
176
143
119
223
213
132
128
90
137
100
63
189
128
62
78
90
91
74
135
62
92
129
101
99
81
126
146
135
115
105
105
106
103
105
101
102
85
118
729
195
129
198
274
171
230
243
162
3742
90
715
108
68
68
66
361
193
130
319
86
114
137
241
100
538
111
571
119
150
75
431
146
48
768
229
221
146
121
118
202
1520
151
342
66
77
91
86
116
273
240
206
213
165
196
270
424
836
114
63
66
65
137
117
541
538
114
114
273
146
1321
78
148
68
169
466
40
3560
182
87
80
74
147
88
139
143
84
219
351
91
444
146
173
100
100
100
139
151
43
34
51
59
51
58
71
125
226
119
151
124
143
167
160
107
206
61
64
64
101
133
65
85
121
83
94
94
223
125
114
88
86
147
82
85
74
303
153
189
151
203
185
142
141
173
164
147
131
239
195
169
156
250
126
141
125
178
64
4367
130
51
130
136
154
3953
62
67
71
79
76
72
73
98
81
90
58
73
62
82
104
83
59
59
94
107
117
140
131
101
107
108
145
150
103
119
111
108
116
117
114
35
62
66
78
145
120
149
132
62
158
132
256
186
138
110
113
102
67
66
66
149
260
219
57
52
86
50
134
137
126
1196
106
466
437
193
149
147
120
133
54
711
1189
40
81
91
95
148
152
30
62
70
70
134
108
72
164
99
126
625
138
119
106
176
121
121
122
208
85
126
112
115
154
124
48
127
385
356
125
143
149
156
127
135
130
157
116
501
277
71
64
77
94
92
79
1910
126
179
2182
208
49
328
723
129
119
66
133
154
272
173
129
119
137
65
211
139
161
257
57
326
119
100
98
121
181
140
152
88
154
324
91
122
93
130
146
92
221
228
121
226
90
265
536
231
346
268
52
147
151
81
279
1145
60
59
218
91
329
131
484
69
511
396
105
105
181
269
147
98
79
319
178
72
52
73
124
99
97
90
97
117
92
123
86
84
86
889
133
112
118
124
178
153
146
159
190
175
171
148
203
215
138
237
138
132
166
114
99
233
141
189
117
140
145
148
134
101
122
64
58
60
62
79
392
84
100
85
232
1287
109
459
213
136
140
121
177
133
158
258
180
124
155
239
192
158
127
135
140
161
173
167
138
151
98
104
129
96
111
94
101
133
143
102
162
150
158
103
174
136
117
142
145
137
126
131
257
351
155
141
127
126
125
162
128
127
592
156
144
5525
581
132
91
332
242
155
132
128
124
330
144
137
225
347
130
130
239
212
143
147
26
141
100
140
74
77
70
50
55
179
131
143
107
168
982
145
457
276
598
608
75
250
51
116
119
169
137
164
223
77
65
1501
62
127
251
149
113
275
186
127
170
139
129
108
130
133
135
163
136
153
90
238
93
73
330
363
207
101
112
41
44
219
268
240
294
153
133
157
65
95
184
58
94
89
145
66
118
76
82
102
104
127
101
103
89
70
68
99
66
103
123
95
96
88
91
78
80
110
138
89
88
87
106
89
192
80
90
85
78
117
79
1704
85
79
276
101
33
54
150
155
194
110
58
55
118
158
72
113
88
103
141
245
153
389
130
122
131
400
128
157
138
112
118
138
65
64
94
139
125
117
88
118
121
131
65
109
381
113
312
77
89
135
83
179
132
181
71
135
135
185
125
77
26
248
97
111
166
115
188
165
207
207
140
139
40
82
58
64
87
84
112
117
96
77
131
245
140
147
129
68
161
162
176
69
119
63
132
93
98
88
86
106
54
76
65
100
138
181
150
191
131
151
174
3237
127
98
88
122
4151
1017
219
149
149
78
69
137
113
61
3510
45
64
65
62
80
79
124
83
79
95
141
135
90
126
89
256
63
56
57
73
52
57
83
289
136
162
127
58
58
126
513
237
153
1323
90
121
116
192
185
116
131
172
115
83
103
1108
203
113
101
85
128
121
62
159
67
3545
77
2527
93
96
122
58
60
56
87
92
68
77
68
92
136
139
665
143
110
143
99
97
113
124
143
135
146
167
110
167
101
96
78
2799
225
119
124
713
119
164
211
103
2836
121
287
103
103
379
324
99
93
94
148
79
219
36
41
34
164
261
460
91
96
117
129
162
241
147
158
133
889
148
79
114
149
66
80
437
72
130
137
183
112
124
195
145
302
135
129
162
88
80
87
126
53
68
41
49
73
84
194
169
93
96
95
186
114
118
167
279
248
221
183
133
149
136
190
121
467
47
69
84
70
99
95
95
119
568
129
121
398
173
155
236
76
97
98
145
110
194
203
216
940
123
88
5138
4706
105
85
94
85
74
78
54
59
33
1751
358
152
60
78
75
72
56
57
158
117
116
222
83
214
472
239
194
97
131
133
130
154
595
137
97
61
45
179
59
374
127
102
135
133
134
191
127
144
193
138
207
88
95
99
92
90
108
137
156
90
123
131
305
307
100
97
106
75
137
166
93
1130
82
109
133
85
131
1120
79
92
113
108
186
109
134
327
123
320
233
90
99
93
123
152
126
216
127
96
86
198
52
162
115
109
111
153
111
78
59
130
133
122
124
128
74
118
102
206
104
78
79
60
87
324
92
58
58
95
87
84
129
108
124
118
161
240
100
110
116
143
139
95
129
133
149
114
139
175
257
118
102
91
67
66
66
59
65
402
199
188
140
150
157
154
143
93
135
157
154
79
210
117
144
94
95
155
201
95
245
159
105
120
168
539
144
126
336
133
239
113
88
94
114
5262
103
166
100
161
111
94
114
124
118
169
118
123
112
110
144
90
72
86
223
96
236
133
89
22
86
26
198
145
73
284
451
92
268
105
108
164
184
70
110
55
81
181
289
851
83
83
154
122
394
74
115
66
78
85
115
93
95
94
73
74
80
78
1257
131
465
77
142
101
88
87
149
690
155
353
157
278
138
958
248
446
123
96
94
137
144
60
60
902
106
134
137
94
94
125
178
154
205
136
157
114
94
151
84
102
84
79
96
94
62
68
75
68
57
91
74
509
174
565
72
91
91
118
125
141
159
122
96
87
140
159
85
201
151
156
246
85
102
108
108
202
156
163
155
177
76
76
103
90
129
60
60
60
60
92
57
61
59
98
77
128
643
131
314
125
208
190
209
165
229
332
170
249
220
144
142
142
161
177
239
187
544
128
236
119
144
145
132
148
135
153
89
39
143
118
85
81
72
50
140
140
215
152
119
172
84
166
137
72
79
110
129
145
148
129
100
107
117
59
157
145
191
87
39
145
60
60
97
56
86
55
44
51
153
208
137
170
152
138
144
208
153
142
147
125
53
98
93
118
113
107
82
199
95
162
98
145
159
239
76
86
73
75
139
156
155
152
98
96
115
125
114
135
138
71
113
151
94
204
129
143
315
189
127
88
135
161
503
125
118
195
151
183
270
296
299
305
111
120
128
148
3047
176
117
205
146
194
156
122
378
140
41
69
63
76
576
143
290
114
91
88
148
191
89
254
102
184
81
51
50
68
54
121
134
260
155
390
102
97
75
78
109
182
135
175
88
87
97
44
106
132
184
110
151
127
122
164
137
119
138
241
417
183
112
227
131
153
127
196
117
137
171
191
181
328
278
125
110
146
165
144
113
210
134
148
133
165
156
173
125
122
997
166
300
235
193
195
297
210
150
191
148
619
162
594
115
122
114
98
181
92
171
198
514
157
797
79
394
160
264
261
173
178
141
182
178
153
148
149
221
180
69
175
111
265
179
83
60
140
130
102
67
65
74
113
153
179
145
220
208
170
216
174
154
142
290
192
160
170
188
132
177
134
132
135
131
111
111
104
127
195
220
119
167
190
524
170
108
120
220
201
152
213
133
101
138
181
111
97
186
160
184
155
430
150
98
59
156
158
159
149
72
488
186
136
134
64
122
108
1112
93
88
108
366
85
105
55
144
84
112
73
84
68
68
156
137
127
150
143
145
144
133
121
137
153
112
107
83
84
140
65
79
53
236
53
105
89
261
243
170
316
171
110
95
140
151
124
107
105
108
93
140
178
187
92
170
418
140
159
150
141
143
142
156
109
110
133
120
108
112
202
145
140
161
113
99
99
120
97
366
146
141
108
183
117
211
147
205
128
304
136
173
157
161
159
205
163
248
432
228
146
464
218
325
135
125
147
169
182
187
241
149
141
147
146
133
219
152
127
134
126
144
146
144
268
117
155
137
174
139
121
183
85
86
80
139
146
170
125
125
85
89
234
75
285
121
93
123
108
107
89
123
131
163
133
234
110
105
67
141
102
131
1507
71
123
123
128
64
61
164
171
251
149
137
173
174
166
193
147
153
195
361
134
210
147
170
165
142
138
177
168
138
60
200
115
120
60
164
92
117
119
120
100
103
155
144
148
120
78
139
154
145
73
170
79
73
119
85
110
1135
215
158
194
103
135
174
117
94
226
350
132
259
277
121
236
144
189
227
391
134
103
90
124
138
94
142
270
136
120
127
102
142
208
124
202
527
202
287
200
165
127
129
152
128
227
185
335
114
225
181
94
130
87
220
149
159
101
160
317
111
95
97
101
152
106
498
384
120
382
167
92
130
129
306
79
754
537
102
101
110
115
539
170
164
318
82
147
100
130
92
81
110
101
148
203
81
157
114
73
119
117
115
122
99
124
283
287
124
142
107
148
119
254
123
94
101
138
188
95
191
96
216
123
238
148
330
106
94
113
101
102
211
325
45
60
32
25
63
62
63
103
70
110
31
61
78
101
98
194
367
100
132
157
127
118
132
143
190
135
166
160
158
423
114
115
163
140
146
101
117
123
184
100
432
278
172
441
139
173
178
151
199
114
105
81
104
46
288
95
95
146
154
110
104
158
111
131
170
129
154
124
109
153
123
105
127
155
79
68
112
141
50
74
80
92
210
208
75
69
69
100
97
105
141
112
110
175
61
127
100
104
156
140
99
97
112
177
146
147
73
68
89
119
164
144
112
221
88
148
164
77
78
143
71
118
147
134
125
157
141
125
263
150
110
105
110
72
151
135
120
67
72
160
155
91
95
138
147
100
194
187
97
155
90
126
110
93
95
102
113
142
99
129
156
131
195
141
125
458
113
107
170
102
110
108
326
141
152
140
146
160
169
212
87
177
223
151
130
152
134
205
122
147
115
185
97
282
253
114
135
149
164
171
149
103
870
227
173
124
214
195
159
125
6570
173
213
2350
139
133
177
145
138
182
140
141
334
159
130
180
165
92
151
356
145
199
126
186
102
105
46
50
36
121
166
185
97
109
59
142
133
91
76
152
137
123
99
209
263
638
164
128
128
141
196
91
173
134
51
55
65
59
59
88
57
43
53
72
45
78
51
83
54
47
98
97
174
132
106
96
119
91
80
139
123
125
154
59
76
48
48
116
85
124
96
142
86
113
112
88
106
119
89
181
121
97
107
148
91
31
114
114
110
116
132
115
60
119
129
117
122
125
92
519
2897
115
119
133
126
138
159
65
98
93
135
159
110
110
102
102
191
55
108
426
86
100
166
115
115
616
126
84
210
100
118
119
92
115
208
187
754
892
129
139
149
123
148
164
144
130
344
779
490
136
109
172
138
1142
162
133
134
125
111
100
857
134
119
119
94
156
117
177
792
233
147
146
144
69
115
138
83
83
102
98
124
61
120
543
159
146
135
132
106
136
135
184
153
137
89
137
214
69
79
146
152
115
224
126
178
110
110
171
171
124
108
108
94
94
100
94
94
94
94
171
41
35
46
62
75
58
64
76
59
57
57
75
81
193
191
152
152
159
197
164
201
142
196
201
148
148
231
155
124
66
139
139
144
99
78
75
105
101
86
86
95
126
184
106
100
77
81
92
1536
