8
10
15
21
17
399
20
22
19
17
17
16
26
54
61
50
45
50
50
43
63
79
50
62
37
30
41
45
33
31
48
20
39
29
17
24
17
11
19
10
16
19
9
10
6
8
9
18
7
13
19
39
10
35
26
13
15
28
22
13
8
7
7
7
14
8
27
8
8
14
8
47
51
265
226
34
65
90
42
40
28
6
8
21
10
5
20
6
7
8
36
37
32
46
35
36
45
44
56
50
83
88
45
59
37
1314
40
140
60
177
43
47
60
63
89
86
46
80
46
290
52
62
73
53
78
62
69
71
67
41
57
68
59
113
69
86
37
28
1164
101
60
27
36
36
40
34
41
23
24
12
14
14
13
5
9
4
4
10
8
61
7
7
10
13
7
25
8
7
6
22
25
24
27
36
22
20
35
49
36
41
34
30
28
27
29
52
50
34
35
53
112
57
35
41
67
76
34
50
49
267
76
38
263
153
31
6
28
22
48
44
185
39
42
33
44
50
47
40
38
25
18
30
32
38
33
205
45
26
28
62
51
55
139
368
46
49
62
34
51
59
46
50
27
51
17
68
22
20
17
12
12
14
25
10
12
19
16
5
75
32
7
158
180
58
39
17
21
17
16
42
42
51
34
700
855
26
577
66
43
35
29
46
43
61
69
60
44
145
35
32
34
34
36
47
55
74
45
48
70
2
8
7
7
58
61
52
70
7
31
27
19
35
17
26
11
13
4
19
9
11
14
11
17
21
31
26
46
17
13
12
25
18
18
19
14
10
17
28
12
34
38
32
32
41
539
72
44
27
35
30
156
21
20
16
17
19
21
21
39
15
14
17
15
9
71
32
23
27
35
48
52
53
9
10
9
9
5
4
2
2
2
3
6
5
12
11
15
15
12
8
41
41
30
9
26
27
33
29
32
32
37
42
39
35
38
38
110
37
48
49
56
40
40
47
29
32
38
29
44
18
18
28
27
25
30
190
26
44
37
324
47
47
37
33
27
26
7
11
14
27
32
40
7
81
85
4
17
13
12
12
4
15
5
6
13
15
3
3
4
5
6
7
5
5
7
12
12
5
29
662
40
28
28
10
84
49
57
35
34
36
22
68
24
20
25
23
74
15
27
283
33
11
7
33
19
19
13
24
61
32
3
30
53
23
20
36
24
7
24
12
19
11
11
6
6
102
16
12
13
212
29
51
20
16
8
8
7
41
3
25
11
10
14
8
11
22
17
16
30
8
10
11
6
7
11
31
21
26
23
9
10
12
17
13
13
31
16
16
16
25
52
31
6
6
10
39
19
23
22
20
22
20
18
23
5
32
18
30
35
37
29
8
34
50
17
23
39
46
62
33
147
57
38
35
30
32
38
16
5
25
11
32
184
26
21
17
10
11
17
22
7
9
17
73
121
16
43
655
923
8
33
219
18
17
17
16
24
20
5
21
20
15
15
21
27
68
36
42
35
50
46
11
11
36
62
119
12
17
31
15
6
225
20
30
14
15
10
36
45
24
10
18
31
326
9
8
17
18
13
5
31
414
23
9
12
13
14
14
13
11
10
37
99
18
19
27
32
30
34
36
41
23
3
38
60
32
15
10
13
15
11
196
43
22
13
876
27
14
7
48
37
77
13
19
110
54
40
20
31
19
40
19
19
7
3
20
53
27
25
6
6
20
36
34
79
25
17
35
31
33
24
9
28
5
15
25
10
712
29
16
124
123
14
13
13
11
28
28
24
25
24
12
12
11
8
8
30
7
7
7
7
7
30
5
9
7
9
12
22
6
11
25
21
20
5
29
10
30
14
15
14
27
36
5
20
26
18
21
33
30
6
22
7
18
515
34
40
25
21
2
2
34
79
91
35
51
39
72
29
37
34
29
40
151
37
33
70
35
31
33
40
31
11
11
9
7
15
59
68
15
22
20
13
21
16
36
45
17
22
17
20
20
3
25
59
45
45
46
26
16
12
19
10
56
34
99
33
16
36
21
52
148
262
16
4
5
12
15
35
26
32
300
32
13
118
39
15
5
16
14
39
64
34
9
9
33
9
84
7
1
1
385
90
14
14
16
57
40
12
8
44
21
49
48
14
14
13
231
7
33
59
54
19
3
3
8
12
9
15
15
14
31
37
59
28
37
28
8
21
22
14
9
12
28
149
52
47
41
13
15
7
30
20
11
10
64
56
48
17
9
40
46
493
22
54
13
13
29
976
55
18
5
6
44
117
31
48
31
40
40
67
7
36
86
30
60
28
13
15
25
41
28
35
320
25
21
21
26
13
24
86
3
5
43
16
7
49
14
36
19
34
10
30
30
28
46
39
31
33
34
26
27
29
37
53
38
60
39
33
40
26
19
58
25
30
27
32
38
38
29
22
27
39
19
30
17
21
32
37
22
35
32
28
20
28
29
26
38
33
33
27
8
48
11
10
14
30
8
14
10
27
6
18
9
11
19
20
33
27
27
19
7
6
23
6
25
31
22
21
18
14
10
9
18
38
18
18
17
19
39
10
11
14
10
22
12
74
47
2
3
49
31
31
19
29
186
69
24
19
27
6
19
14
8
8
12
9
6
9
9
24
256
16
9
19
39
36
16
17
36
10
8
11
8
45
6
169
44
70
42
56
36
221
82
127
35
24
25
27
231
29
15
7
7
53
122
32
71
35
54
42
41
38
51
80
38
57
48
36
30
28
26
39
55
44
114
22
50
25
32
32
30
35
32
5
18
11
10
26
36
33
36
16
30
50
67
44
50
39
39
44
57
40
44
49
18
10
8
28
11
26
15
24
41
65
18
19
17
15
46
40
10
11
47
11
15
36
34
19
22
38
15
15
19
19
16
15
8
10
21
41
10
16
17
22
21
17
15
19
20
15
16
18
16
15
26
12
15
14
5
6
5
10
6
13
6
16
16
5
18
9
132
24
31
22
18
19
18
23
44
8
96
20
16
56
134
29
22
22
17
12
47
45
36
16
26
40
38
34
34
32
42
42
30
32
