71
195
61
47
45
102
108
29
29
32
26
26
26
27
25
42
48
1416
149
1189
25
39
44
18
46
82
119
41
47
47
46
20
25
58
53
50
62
56
50
51
46
40
49
49
51
44
59
50
43
46
43
31
31
21
69
62
94
257
52
68
70
66
86
85
57
44
58
56
40
49
55
39
39
42
40
61
59
59
57
39
39
37
29
26
25
26
24
25
33
37
28
32
24
23
25
25
22
27
23
20
21
19
19
19
18
22
18
30
22
22
35
22
53
40
32
29
31
23
36
30
30
25
16
28
26
28
30
57
31
29
26
26
26
27
30
27
28
36
26
27
29
27
34
42
41
30
43
44
53
39
155
47
63
70
38
47
37
45
36
35
38
39
43
33
32
27
32
52
42
36
43
50
40
46
49
64
71
77
74
33
57
32
26
19
19
43
20
28
19
17
18
24
21
23
24
26
26
28
28
52
27
50
32
31
37
24
86
41
81
87
51
86
70
66
54
38
47
37
44
37
39
52
63
29
32
34
27
26
24
24
24
26
25
28
29
35
30
29
28
48
33
32
46
56
37
81
45
27
45
47
59
36
23
37
33
57
35
30
27
26
26
25
51
30
26
27
19
22
24
25
26
25
21
20
52
51
48
44
49
25
21
17
68
48
34
31
21
1598
23
64
26
86
35
27
30
26
27
28
36
41
48
45
35
23
20
20
22
22
82
24
25
64
30
37
45
22
23
20
25
21
58
50
18
26
51
42
34
33
66
55
46
30
77
28
32
21
38
41
37
40
45
42
28
41
46
43
42
48
38
40
34
44
45
82
59
37
31
26
59
40
57
241
26
36
17
19
309
26
20
49
34
21
22
18
24
22
25
29
22
64
22
25
35
24
30
27
26
31
32
52
41
48
34
37
25
30
34
328
33
24
20
21
16
23
22
42
34
44
34
35
130
16
55
16
26
33
25
24
24
20
23
23
23
17
40
39
35
32
36
41
36
28
27
27
115
127
56
96
89
107
34
46
115
43
63
110
34
121
124
73
120
64
98
94
89
65
86
59
82
48
71
50
47
53
70
49
1835
50
73
74
76
89
82
33
30
33
31
32
29
54
41
30
18
33
15
34
83
43
90
72
46
26
19
30
28
31
54
87
44
38
1365
34
57
14
13
951
68
32
33
16
24
104
40
41
40
15
20
133
37
36
51
35
96
48
81
19
53
87
51
50
38
82
39
52
59
1744
40
43
45
36
31
19
286
177
146
28
18
64
23
42
41
48
20
51
25
93
320
118
24
17
20
52
54
61
42
41
49
20
19
26
35
24
18
20
34
46
16
18
20
23
17
29
16
26
25
25
24
21
20
17
25
131
19
19
23
97
44
53
28
45
60
37
40
33
26
27
27
23
16
14
51
20
20
19
26
25
18
21
14
31
29
23
23
44
52
59
44
27
29
19
25
17
74
1246
16
25
18
32
66
19
223
186
76
36
24
225
24
28
78
31
42
55
32
62
41
55
49
14
19
22
140
36
53
403
1087
86
27
133
109
79
123
43
28
29
31
45
29
29
28
25
21
28
19
19
48
18
18
19
19
19
15
31
56
33
36
149
47
41
44
41
95
49
27
31
26
17
16
13
23
18
18
16
16
16
29
41
39
38
44
38
36
30
114
1001
244
35
32
53
19
16
199
85
20
20
28
53
62
35
104
60
67
64
222
51
58
41
41
47
55
51
39
48
40
19
15
50
33
52
16
7
15
12
232
44
65
40
42
24
24
28
28
41
30
38
42
27
354
18
18
29
25
68
41
39
41
56
38
51
41
40
47
39
13
45
29
23
317
23
19
18
18
141
24
50
52
52
43
41
29
37
31
88
46
31
18
19
20
33
20
9
39
17
15
17
25
42
35
27
43
21
30
28
21
70
22
27
29
25
26
191
44
19
21
10
50
50
15
19
42
16
559
257
36
49
18
46
252
267
41
201
34
72
21
76
17
32
32
25
31
53
168
141
129
450
40
55
125
37
117
21
17
15
25
95
74
93
49
70
48
35
60
18
51
39
43
40
48
28
86
41
761
142
98
78
151
63
229
301
74
285
246
119
897
58
67
44
76
48
27
30
29
59
31
31
44
41
28
29
32
30
970
28
49
335
99
54
57
25
18
44
69
144
324
54
57
21
37
51
85
39
24
20
42
19
29
99
28
20
42
12
11
18
11
13
13
18
15
18
27
24
30
28
30
23
30
24
77
23
75
65
54
38
39
38
165
38
26
54
37
31
31
20
27
34
28
26
27
51
37
36
38
36
93
53
41
52
237
94
21
65
522
57
39
27
53
100
64
62
13
19
24
20
30
64
23
32
21
20
102
22
46
17
801
71
15
24
26
25
21
17
447
17
83
97
231
68
45
82
105
655
25
95
33
40
24
17
31
61
25
26
13
10
96
89
75
71
72
86
71
120
72
64
62
391
31
84
213
15
44
39
43
43
43
55
323
132
52
30
29
24
22
24
24
144
60
79
13
65
8
312
126
278
36
509
47
64
46
16
20
30
31
41
48
34
41
18
31
23
126
96
185
61
60
96
145
70
20
16
16
65
317
28
82
38
54
21
23
31
20
35
44
52
54
40
34
31
28
33
29
28
22
43
249
51
44
59
72
53
61
63
44
1094
309
150
54
92
28
178
32
194
33
46
19
117
37
67
269
47
46
50
42
94
24
21
25
19
20
83
78
65
73
54
62
83
112
39
380
37
57
108
173
101
60
28
873
49
59
93
135
145
57
17
18
17
16
15
30
18
18
18
24
31
105
46
55
48
64
57
49
46
56
52
47
41
87
67
51
47
91
40
43
37
56
19
1001
12
10
37
16
1090
14
16
16
20
17
16
17
15
16
25
20
19
20
19
17
16
19
26
18
15
15
18
20
21
46
43
29
32
23
49
45
27
34
20
32
36
17
20
49
34
16
51
42
17
47
16
16
16
36
83
64
13
13
20
11
55
50
360
285
358
13
35
32
21
21
64
109
65
191
30
26
25
26
98
89
33
28
29
27
33
29
118
53
16
16
431
37
118
120
75
537
40
17
81
187
19
55
49
43
65
23
59
28
140
34
27
32
41
71
33
37
58
123
21
22
16
23
59
71
80
113
94
94
129
79
95
19
19
60
14
19
89
44
20
14
14
14
57
32
32
46
50
105
52
16
68
25
25
43
32
39
31
38
29
34
15
12
12
15
16
17
127
20
25
21
75
22
328
28
117
67
37
31
28
46
33
44
60
39
29
39
47
46
45
33
32
37
47
42
41
33
39
74
88
48
202
61
165
125
41
38
69
61
80
193
49
64
56
31
36
72
45
54
38
43
36
46
72
31
54
54
102
90
63
46
32
40
26
48
20
21
16
25
40
58
243
82
59
122
79
49
43
30
28
22
24
35
26
29
43
38
32
50
47
116
26
39
28
22
40
24
29
22
21
11
18
15
19
893
12
19
22
57
40
29
82
15
15
36
28
29
61
95
70
156
28
196
37
61
77
54
44
37
41
23
60
27
177
35
27
209
59
425
91
50
44
57
24
34
36
24
22
36
35
52
132
70
61
34
30
63
36
43
31
32
28
49
30
55
24
47
48
47
72
30
33
39
29
42
58
56
67
22
104
34
54
51
34
26
1303
44
31
27
31
24
40
37
47
39
84
50
48
32
57
36
33
29
16
57
33
24
25
110
38
25
35
31
17
27
21
158
71
160
64
11
26
31
34
34
33
36
51
34
36
26
32
63
32
27
27
21
40
48
56
89
62
58
60
45
30
27
26
23
27
31
80
65
26
23
25
24
22
42
38
32
33
33
52
18
18
24
27
61
15
23
15
14
28
45
37
36
36
29
40
41
38
47
33
63
78
53
58
123
79
156
62
47
31
23
68
13
17
17
20
75
20
15
15
21
15
38
27
36
56
43
48
48
149
52
26
55
80
58
17
20
19
57
42
32
38
26
24
26
90
27
47
50
32
424
72
35
16
61
70
45
22
16
43
47
19
74
54
20
20
68
68
36
13
109
97
33
57
44
70
15
38
62
61
30
287
69
58
37
1092
85
77
70
40
1817
74
61
43
772
60
50
124
48
82
58
24
24
29
63
63
169
39
26
24
26
33
20
46
22
54
730
43
20
37
54
55
50
46
46
57
48
42
32
38
34
42
30
30
31
27
25
26
