576
564
152
174
182
214
249
120
69
93
204
161
161
178
294
110
257
133
319
294
129
355
376
241
56
284
94
237
390
239
132
31
61
71
71
73
317
202
26
129
149
93
67
62
230
209
65
76
144
165
332
802
694
96
198
201
152
111
223
233
727
141
273
102
717
246
260
46
259
154
238
111
232
88
75
366
109
126
222
143
136
91
125
194
83
10
262
65
42
130
1810
28
27
52
62
59
50
106
81
81
13
161
43
130
186
47
110
1760
120
95
168
83
104
72
40
11
10
76
12
32
19
52
18
13
20
12
24
21
12
16
98
11
87
17
12
17
13
12
13
38
17
14
9
93
33
39
34
32
50
9
14
14
14
9
14
242
144
30
14
15
14
14
4
7
15
6
5
5
10
7
7
8
8
22
28
29
29
40
33
46
41
48
47
58
54
37
87
32
34
47
53
43
73
37
76
42
37
56
125
27
19
18
41
16
42
34
42
39
53
35
43
32
36
41
35
43
34
37
33
43
29
29
29
34
53
32
32
32
27
27
23
29
28
539
21
19
130
13
35
677
23
880
10
17
268
35
11
447
13
7
112
17
19
50
6
10
6
76
47
60
42
5
5
7
112
77
7
11
29
34
21
21
6
6
48
5
53
22
69
25
59
51
47
70
68
54
361
58
34
29
34
49
33
32
33
58
43
34
22
20
38
37
7
11
15
15
16
16
10
8
12
35
8
6
14
22
22
22
1548
38
50
35
40
17
50
13
47
172
86
84
50
49
50
19
19
18
31
373
36
37
41
51
14
50
82
32
20
23
20
193
6
19
30
52
37
29
42
26
48
39
41
27
14
25
25
16
16
19
21
20
27
10
14
12
10
6
6
24
5
23
27
20
18
19
18
27
20
15
35
60
67
35
10
23
11
31
30
37
26
23
15
29
72
16
25
23
13
388
11
32
31
11
166
30
113
19
10
39
26
16
15
39
6
40
84
46
80
31
26
23
6
25
29
22
18
18
47
15
15
19
17
14
14
10
12
12
10
30
10
10
12
11
35
7
4
29
23
22
11
52
15
34
44
6
37
45
45
45
51
47
13
44
16
7
7
7
7
20
20
14
14
37
34
78
34
6
14
18
25
12
11
14
10
30
9
9
30
41
13
13
13
13
13
12
12
12
41
35
34
23
11
26
21
66
18
11
12
101
28
19
19
23
15
19
23
17
17
17
14
14
32
12
12
27
30
29
8
10
7
7
6
6
31
18
18
75
7
16
17
18
17
43
47
37
35
307
36
48
46
18
40
20
28
44
50
38
26
31
31
32
22
24
28
23
22
10
13
15
28
33
22
29
23
39
15
23
26
34
34
26
17
17
42
30
18
17
9
16
16
26
6
32
97
43
29
15
19
16
32
125
22
23
21
22
22
148
15
39
21
17
31
41
36
280
7
21
14
34
24
26
47
26
11
11
12
10
5
23
17
41
34
16
11
16
101
25
243
24
23
74
13
14
12
11
16
17
38
18
20
20
12
16
14
22
17
14
15
18
11
15
11
11
6
10
12
13
49
14
17
14
12
13
22
17
16
46
73
35
24
30
54
52
24
17
13
10
14
5
16
23
41
12
15
79
80
19
38
22
23
22
21
25
9
15
22
17
15
29
17
30
10
9
17
37
14
23
21
17
17
30
81
7
21
20
27
20
12
49
151
169
103
17
43
40
39
15
12
13
29
55
20
35
24
95
19
13
16
19
19
16
11
38
16
16
22
19
13
23
12
18
18
15
26
20
38
37
43
53
27
23
30
13
29
35
45
37
939
43
19
27
53
75
64
54
62
74
49
41
43
240
69
44
48
28
99
36
39
13
16
17
34
10
18
14
14
12
21
20
22
26
28
27
30
32
12
24
40
25
27
234
56
25
6
65
31
4
84
33
28
31
44
15
15
14
18
13
13
35
19
18
17
37
37
6
6
15
8
8
27
27
54
58
7
16
17
14
20
21
16
12
20
27
12
227
36
215
39
33
56
42
53
77
88
83
85
53
48
51
56
65
1004
49
55
42
67
40
53
46
31
110
123
30
22
8
10
10
16
43
8
68
49
76
161
88
120
78
71
61
124
298
65
122
188
27
33
27
33
67
105
65
70
42
32
82
34
32
54
41
30
38
75
121
43
25
67
34
47
41
82
27
41
49
51
45
131
140
83
32
57
53
57
61
74
47
79
27
57
58
58
90
40
33
93
57
40
63
263
41
83
65
48
53
81
58
36
50
36
169
31
170
25
27
24
21
55
19
61
20
15
38
52
130
37
235
20
117
36
62
75
40
41
28
38
48
37
28
28
51
47
16
35
22
60
52
50
41
51
16
16
13
22
32
30
20
36
37
29
35
29
20
15
46
25
17
25
25
12
26
14
17
21
15
16
17
21
31
50
52
41
31
42
120
24
25
27
40
35
19
33
13
15
27
37
23
40
64
67
68
58
67
123
49
19
19
204
8
33
24
29
7
46
7
46
35
22
52
25
17
16
16
22
14
20
25
27
20
64
41
91
20
70
94
20
23
21
19
20
17
19
13
13
19
29
12
13
28
19
19
27
15
14
19
24
15
43
11
19
14
16
12
30
17
28
14
52
14
22
17
18
24
41
60
59
89
199
95
60
188
39
26
26
58
16
11
63
28
34
40
39
51
37
38
35
37
37
20
33
31
13
13
18
35
29
28
35
13
38
32
36
14
15
10
6
51
38
69
45
33
31
48
37
29
479
67
32
48
62
38
73
34
37
92
36
28
117
99
88
102
203
139
68
139
119
61
138
66
66
111
127
47
304
145
69
51
10
62
76
62
58
39
29
83
28
43
47
39
90
15
91
49
104
45
113
215
55
55
137
120
53
61
28
44
27
69
115
108
150
38
129
75
107
99
96
42
60
59
54
37
44
18
84
49
89
30
56
148
63
18
38
28
168
56
104
49
44
142
118
46
146
58
29
52
54
125
35
179
230
40
45
44
85
48
237
60
64
121
38
67
49
51
41
39
41
40
52
80
32
53
41
36
45
46
66
48
42
52
108
118
62
45
85
43
32
79
45
51
49
64
140
38
35
23
47
42
56
67
33
92
87
27
109
36
61
53
86
81
44
146
43
65
36
44
40
41
113
124
24
9
6
19
15
10
4
7
17
15
15
22
21
29
14
6
18
6
34
22
7
24
9
9
12
5
19
5
15
13
31
30
99
161
36
52
30
21
16
55
25
33
25
28
55
30
116
15
17
26
22
56
37
40
56
84
36
47
177
111
32
131
44
37
40
44
42
41
31
39
31
13
21
6
96
65
48
16
13
47
38
23
16
44
22
59
34
43
48
27
35
35
31
41
28
35
32
34
75
50
41
62
78
49
29
45
48
50
43
13
15
11
22
13
11
23
21
29
40
76
69
36
31
33
51
43
47
78
54
45
60
31
51
42
52
53
103
46
39
24
19
25
17
22
24
17
28
20
28
28
16
32
24
22
22
16
20
21
22
9
40
15
33
34
12
12
71
63
34
48
54
29
34
56
54
47
39
27
39
65
42
76
46
13
58
58
46
68
66
39
46
17
18
37
68
44
27
27
41
44
43
15
22
134
13
173
42
36
13
35
58
16
30
16
22
31
21
31
26
37
23
11
12
9
18
6
6
49
65
38
47
30
32
35
33
33
58
36
26
35
32
20
108
21
47
22
45
25
39
6
7
20
5
6
6
6
14
6
5
9
8
32
56
49
24
30
16
63
56
41
25
37
61
9
9
19
7
15
9
18
15
24
15
13
21
18
9
24
19
12
23
9
11
14
42
37
61
52
45
37
49
44
50
16
10
13
12
17
16
27
42
7
6
9
40
32
32
40
16
53
30
36
41
42
30
18
27
26
19
63
36
34
25
69
34
27
12
32
6
24
24
40
16
42
43
36
210
277
247
107
24
38
22
211
24
26
25
263
25
22
20
42
29
20
37
195
41
24
24
23
36
40
21
25
147
30
30
14
25
40
9
10
51
43
41
41
41
41
41
24
25
22
24
22
19
7
9
9
9
11
18
12
15
15
16
11
23
13
14
11
16
15
24
31
27
20
68
67
53
53
56
72
59
85
56
84
85
64
101
11
16
13
23
12
253
