181
624
152
178
106
285
823
262
245
86
86
345
273
284
273
132
67
67
190
384
330
63
210
99
88
81
49
108
52
180
46
40
37
183
171
46
39
75
26
60
40
261
547
240
55
1036
112
291
22
68
27
54
234
130
144
166
290
46
74
53
241
224
54
62
61
306
1335
36
49
46
45
61
64
47
50
50
52
52
52
63
56
55
55
57
55
71
1578
60
67
97
71
89
58
66
64
53
211
53
227
65
131
77
80
87
138
57
119
64
62
78
69
180
54
60
186
50
41
126
67
42
34
35
87
44
72
39
43
41
44
46
38
345
55
49
55
35
49
54
32
37
58
56
29
32
46
53
2174
52
50
56
43
35
31
23
50
50
26
25
46
45
31
34
22
22
50
50
32
43
30
147
100
93
49
58
66
118
111
60
538
74
72
75
62
59
62
61
65
102
254
137
93
113
146
58
58
127
59
54
66
104
56
60
52
74
53
53
206
55
105
61
53
730
67
64
60
99
85
103
81
287
83
109
76
78
67
63
64
153
114
133
100
91
120
109
57
91
79
124
73
137
185
78
85
95
83
93
95
337
153
88
65
63
66
62
121
66
68
66
47
90
65
183
261
45
129
156
65
250
96
95
142
66
71
77
76
142
94
118
87
130
203
145
173
66
64
95
79
104
71
149
141
127
85
117
82
69
68
81
121
115
87
96
85
59
58
148
89
144
52
123
89
102
51
113
74
61
108
67
54
79
48
338
46
68
58
61
300
129
50
52
158
181
196
114
457
716
722
1763
51
54
54
32
252
129
39
81
78
44
71
57
36
90
78
32
8
63
8
119
120
79
237
56
90
285
125
44
804
42
2165
376
71
111
73
14
38
33
83
45
226
50
43
42
58
367
1711
405
70
101
79
584
68
1497
36
88
33
60
77
87
169
109
369
109
45
118
122
105
80
111
116
74
111
83
73
111
76
82
105
186
43
50
57
1141
154
70
38
36
44
56
65
80
95
78
72
98
108
72
35
30
126
32
46
49
41
65
56
90
63
62
191
49
119
81
16
82
729
44
42
43
36
35
35
49
53
43
79
70
40
48
58
41
26
26
43
44
61
45
34
63
28
68
28
49
45
147
43
40
65
65
75
21
30
37
41
43
48
310
43
97
96
36
48
48
35
71
61
90
303
55
1232
731
62
121
29
34
29
57
76
35
62
79
82
85
56
50
35
36
80
36
35
92
1843
27
26
145
387
202
26
26
647
64
59
57
51
56
109
1149
29
55
38
20
45
49
28
56
45
25
64
42
45
51
55
56
53
27
27
49
49
31
31
46
43
81
63
47
54
51
45
32
29
67
51
27
64
53
37
38
43
41
44
42
28
41
45
101
45
41
46
38
36
54
57
68
102
37
36
40
37
47
37
43
40
197
43
91
93
95
327
88
135
37
86
34
33
41
37
84
92
33
303
123
28
49
130
80
48
59
51
48
33
44
36
50
57
539
1639
539
1579
57
75
58
54
54
91
62
64
61
61
80
77
58
53
54
30
35
43
58
46
72
63
138
67
53
26
36
63
7
30
35
25
53
41
92
51
53
32
38
67
55
46
42
78
958
119
101
34
50
59
41
69
54
47
62
63
44
44
145
113
87
128
347
59
34
48
55
64
52
51
49
51
28
54
39
40
43
55
75
68
37
44
47
37
109
41
92
44
119
39
48
60
66
52
106
54
50
80
40
36
42
51
41
27
47
31
94
52
51
46
27
66
37
26
26
57
30
78
36
35
55
34
40
49
55
54
50
71
347
251
39
47
49
57
47
44
142
48
86
62
68
26
91
57
74
51
58
13
13
43
46
49
47
47
145
14
141
51
40
19
58
58
80
112
101
81
60
60
32
20
42
28
28
54
49
74
86
60
53
50
30
30
72
169
13
34
32
52
315
69
65
65
51
43
34
83
67
34
987
49
13
42
42
10
8
11
23
20
23
28
36
34
33
29
27
27
57
50
37
37
44
48
83
43
58
45
32
40
63
52
69
50
33
48
45
30
36
36
45
47
53
46
45
59
42
37
56
69
64
28
48
33
6
36
11
56
52
66
34
42
43
46
46
43
42
49
47
42
51
43
358
49
37
45
29
49
34
123
38
47
76
63
64
71
50
63
40
1927
32
146
48
18
37
37
34
63
48
48
65
66
80
50
30
29
27
26
28
47
42
55
26
19
46
47
28
32
56
65
46
51
26
32
47
72
27
58
55
51
54
94
15
34
29
61
66
27
28
33
36
163
53
34
73
131
82
74
31
550
37
263
34
79
70
38
51
51
48
36
25
54
52
53
32
59
33
32
32
36
45
158
45
12
19
185
65
61
50
29
27
46
250
28
27
55
45
85
967
23
37
42
37
54
183
200
491
860
1106
27
34
42
43
42
42
46
42
64
53
49
39
47
35
92
62
32
20
19
19
48
52
39
14
28
771
68
50
54
96
37
47
44
36
121
1297
543
27
55
31
75
49
48
30
47
42
42
48
143
318
69
84
36
53
69
96
60
56
67
41
43
52
10
113
45
29
41
169
64
152
68
42
41
36
114
55
91
30
60
58
39
71
71
129
50
73
45
60
141
62
77
99
1231
41
100
84
126
142
96
104
187
56
22
22
38
37
128
104
43
43
50
53
44
35
50
39
54
64
62
82
39
45
109
90
82
81
40
50
9
9
49
56
49
44
52
73
84
71
86
60
55
104
68
48
42
36
93
202
87
54
47
49
31
52
45
36
48
40
36
47
56
454
48
31
88
54
64
57
64
97
26
31
63
72
51
80
18
32
32
60
40
30
171
55
50
47
39
39
83
66
96
53
21
11
48
402
11
37
675
26
28
30
30
55
194
45
58
127
32
55
216
49
92
57
55
23
22
1856
66
847
92
35
40
71
54
33
46
30
32
82
32
32
58
31
26
36
26
18
65
33
41
53
67
82
159
79
152
241
361
36
57
311
49
51
52
113
96
62
139
64
60
65
44
66
75
69
76
85
91
62
29
40
73
62
46
36
46
70
77
32
50
32
29
34
34
39
54
59
150
75
173
68
92
87
73
45
285
54
50
64
40
96
601
32
16
12
25
409
47
51
76
91
158
112
102
50
180
46
18
19
45
66
73
21
31
43
40
37
42
39
52
69
79
60
68
69
88
81
79
90
73
128
64
91
66
78
50
52
85
39
51
83
47
51
50
29
38
225
63
49
322
51
56
43
36
42
28
62
26
20
15
46
65
38
58
28
71
15
28
68
48
49
71
18
13
21
14
79
60
64
63
57
42
44
36
38
67
36
35
39
40
44
46
49
53
50
86
60
59
90
81
22
51
47
55
15
11
38
1479
42
190
21
110
29
47
81
104
67
63
52
43
35
95
60
24
38
51
39
47
31
42
53
35
49
46
33
33
32
88
61
140
59
32
33
32
45
437
25
23
24
62
46
58
36
46
77
39
40
49
65
20
16
65
66
70
68
63
67
33
29
37
30
35
40
80
49
36
36
52
33
38
31
66
71
82
45
44
17
39
104
72
54
55
59
34
57
31
42
30
47
6
27
55
285
66
44
44
40
42
87
58
51
50
51
43
42
51
50
69
51
83
50
54
52
25
42
50
44
84
62
38
183
73
76
361
129
29
130
156
83
32
41
50
48
37
36
37
290
67
48
58
52
51
49
70
49
49
53
1826
55
44
70
47
43
111
58
9
59
59
67
23
83
27
520
25
48
68
54
48
127
80
53
74
68
65
54
54
60
84
32
39
41
20
21
542
34
144
33
16
28
47
52
57
40
27
29
45
40
48
44
46
52
58
202
49
35
57
71
93
51
91
67
53
53
29
30
38
38
39
43
38
34
45
32
72
29
47
28
28
58
60
49
63
43
1437
49
49
60
56
30
27
31
30
30
56
32
36
87
44
49
42
51
172
95
57
406
46
49
64
50
28
47
37
1286
39
922
44
34
44
17
19
15
32
34
22
25
21
230
61
40
942
104
49
81
88
41
1024
64
40
42
156
124
38
37
40
66
39
13
19
12
110
44
36
50
57
73
88
61
63
55
59
24
38
53
26
28
140
28
56
57
84
47
51
87
50
121
51
50
74
34
30
34
50
17
20
9
11
31
36
67
61
40
41
42
94
41
60
61
50
74
49
232
21
31
31
32
37
35
41
162
57
55
108
49
45
33
41
55
51
84
59
61
1683
1530
37
31
33
27
25
29
14
16
15
28
27
29
26
25
40
77
124
68
63
38
45
47
47
56
223
60
42
28
22
63
18
131
55
36
45
44
44
59
48
54
62
44
36
36
36
40
38
43
55
62
36
43
50
90
84
41
40
43
38
62
46
334
31
60
46
52
47
36
24
35
36
31
45
30
30
51
47
49
50
47
75
51
51
47
51
50
49
54
44
50
55
71
45
40
47
32
33
30
29
31
138
69
76
59
71
79
57
55
31
68
40
37
35
46
60
78
49
46
55
65
50
49
43
48
46
73
42
41
60
27
25
45
37
7
9
81
65
123
101
47
57
96
265
51
145
34
45
27
26
34
36
32
33
31
32
419
51
31
49
34
41
35
46
65
32
67
72
56
56
50
58
36
41
36
34
34
34
24
24
25
25
36
47
49
39
59
48
76
38
40
61
48
51
52
35
35
53
43
57
24
24
24
24
46
21
25
22
35
35
61
58
25
26
46
21
53
44
29
28
40
18
55
43
38
58
44
33
25
81
42
31
28
33
24
52
44
33
36
44
34
34
69
63
63
74
72
72
75
67
62
61
53
41
40
37
40
35
38
36
62
37
55
62
72
52
52
34
33
108
33
54
45
59
43
43
58
57
91
25
70
46
32
59
61
44
36
46
46
47
39
33
44
64
54
71
15
50
49
49
49
29
44
60
52
56
58
46
40
44
25
49
46
68
34
66
49
49
43
50
57
73
51
135
43
65
51
46
31
31
29
55
55
41
52
44
68
63
