476
122
142
147
166
200
94
51
72
126
126
142
215
88
201
112
215
101
258
274
184
46
216
187
321
203
55
257
168
20
95
114
76
56
40
151
158
90
113
686
576
155
102
83
617
87
621
83
84
92
111
100
88
53
4
210
42
39
49
94
71
71
32
102
1526
87
82
103
71
39
10
9
75
11
31
18
51
17
12
19
11
23
20
11
15
97
10
86
16
11
16
12
11
12
37
16
13
8
8
13
13
13
8
13
189
109
28
13
12
11
11
3
6
14
5
4
4
9
6
6
7
7
19
26
27
27
38
31
44
39
46
46
57
53
36
86
31
33
46
52
42
71
35
73
39
34
53
103
33
26
32
38
52
34
42
31
30
38
32
40
31
35
31
42
28
28
28
33
52
31
31
31
25
25
21
27
26
526
15
9
34
670
19
868
9
16
267
34
10
443
12
6
108
15
17
40
5
9
5
65
38
51
39
4
4
6
100
74
6
10
19
19
39
4
60
51
43
26
61
60
308
54
37
43
32
17
15
36
35
6
10
13
14
14
9
7
11
32
7
5
12
20
20
20
1355
28
38
25
30
13
43
40
127
65
61
43
42
43
18
18
17
23
316
25
26
30
41
12
43
73
14
14
167
5
14
21
39
27
20
31
19
36
30
29
18
12
21
21
14
14
13
19
19
26
9
11
9
4
4
23
26
19
16
17
10
21
19
14
34
59
64
34
8
22
10
15
26
25
22
14
28
63
15
24
22
12
372
10
31
21
10
20
112
18
9
22
15
14
5
74
38
70
29
19
21
3
24
26
21
13
13
26
14
14
18
16
13
13
9
10
10
9
27
8
8
7
6
24
6
3
20
22
21
10
44
12
24
31
3
33
42
42
42
49
37
11
42
14
6
6
6
6
18
18
12
12
25
31
75
31
5
13
17
23
11
10
13
9
8
8
20
27
12
12
12
12
12
9
9
9
40
34
33
22
10
25
20
64
14
10
9
92
27
17
17
21
13
17
21
15
15
15
13
13
30
11
11
20
22
21
7
9
6
6
5
5
21
15
15
3
14
15
16
15
29
46
25
23
291
23
47
45
17
39
19
27
43
49
37
25
30
30
31
21
23
27
22
21
9
12
12
19
24
14
28
22
26
12
22
22
33
33
25
15
15
41
16
15
8
13
13
22
5
29
91
40
28
14
18
15
30
118
12
19
12
12
120
38
16
30
40
35
278
6
33
17
25
46
25
10
11
9
22
12
24
22
13
99
24
241
23
22
73
12
13
11
10
15
16
37
17
19
19
11
14
12
20
16
13
14
17
10
14
10
10
5
9
11
12
48
13
16
13
11
12
21
16
15
45
72
34
23
21
46
44
23
16
12
9
13
4
15
22
29
11
14
78
79
37
21
22
20
20
24
8
12
21
16
14
28
16
9
8
15
36
12
13
12
16
16
26
80
6
19
18
26
19
10
31
135
149
89
16
42
39
38
14
11
12
36
12
34
23
94
18
11
14
15
10
23
10
10
15
12
10
22
11
17
17
14
25
19
37
36
42
17
22
29
12
28
34
43
793
30
18
20
33
52
45
33
40
51
32
28
31
200
54
34
22
23
12
15
16
32
16
16
18
23
26
26
29
31
22
39
24
26
231
54
24
5
44
3
56
30
25
28
40
14
14
13
17
12
12
21
15
15
16
28
28
5
5
13
7
7
26
26
6
15
16
11
15
15
15
11
19
26
11
160
32
30
51
40
52
76
87
82
84
32
37
42
49
866
48
35
64
38
52
45
30
109
122
29
21
7
9
9
15
42
7
67
41
46
93
55
138
23
27
21
24
35
65
45
60
29
20
52
31
31
52
40
29
37
73
120
42
24
62
31
41
34
65
25
40
48
50
44
104
81
31
35
43
47
52
32
64
48
49
47
39
32
61
43
40
262
40
82
64
47
52
80
57
35
49
35
166
30
165
23
24
20
17
31
14
37
51
129
36
229
13
116
35
61
74
39
40
27
37
47
36
27
27
50
46
10
32
18
58
33
30
10
10
9
18
31
29
19
35
36
28
34
28
19
14
45
24
16
24
24
11
25
13
16
19
13
14
14
17
23
35
38
25
30
39
119
22
18
18
39
34
18
31
12
12
21
36
19
24
53
58
57
48
122
47
18
15
181
7
21
21
6
43
6
45
34
21
50
22
14
13
15
20
13
18
23
20
18
49
40
66
18
60
89
18
21
19
18
19
16
18
11
11
17
28
10
11
27
18
18
26
14
13
18
23
14
42
10
18
13
15
11
29
16
27
13
51
13
21
16
17
23
40
48
74
145
84
51
150
38
57
15
10
53
27
33
39
38
37
34
36
36
19
32
30
12
12
16
34
28
27
34
12
37
31
35
13
14
9
5
36
37
24
23
27
27
27
381
64
45
55
29
35
78
33
24
77
139
56
107
108
51
98
55
68
95
132
56
39
9
48
49
31
25
65
24
34
36
30
14
74
34
73
165
52
103
84
50
27
41
23
48
96
66
133
32
93
78
32
36
14
73
46
71
27
52
121
40
14
29
25
38
29
113
86
34
122
46
24
35
38
105
21
138
171
31
32
33
31
172
43
47
102
26
44
29
34
23
27
31
30
42
55
23
41
28
24
33
25
36
31
27
40
95
99
51
61
38
47
42
104
31
20
35
48
59
26
72
24
91
50
61
65
135
36
30
37
33
34
77
105
15
15
6
4
13
13
12
13
14
27
6
8
12
24
24
83
141
29
44
26
19
14
47
23
29
23
25
47
26
111
13
15
23
20
46
30
34
46
63
29
137
98
31
128
37
36
39
40
41
34
22
18
17
5
91
11
29
21
47
31
32
34
32
30
40
27
34
30
31
65
43
35
42
52
24
21
32
39
7
19
19
32
67
57
29
24
26
30
26
26
48
34
27
45
22
34
25
31
39
36
30
19
14
23
16
21
18
15
20
16
26
27
12
31
18
21
21
14
15
20
17
8
38
14
31
33
11
11
69
33
31
33
27
27
35
37
36
21
22
35
43
28
36
49
49
36
58
54
29
30
29
47
37
21
21
34
13
12
140
30
30
29
57
15
29
15
21
30
20
30
25
36
22
10
11
8
17
58
37
28
31
34
32
32
57
35
25
34
31
19
107
20
46
41
21
32
6
5
7
30
48
45
22
28
14
51
43
28
18
49
7
8
15
13
8
17
13
15
13
17
7
15
7
19
8
9
27
27
46
41
28
28
36
31
15
9
12
11
14
15
6
5
8
26
25
26
34
28
16
25
24
17
60
34
20
21
25
26
11
31
5
18
18
39
15
25
42
35
205
269
240
106
23
37
21
210
23
25
23
257
24
21
19
25
28
19
36
194
40
23
23
22
29
20
23
145
29
29
12
24
39
8
9
33
25
26
26
26
26
26
14
11
6
8
8
8
10
14
10
13
11
15
23
57
56
43
43
46
62
49
75
47
74
75
55
77
10
15
12
22
8
243
