2544
2491
180
661
2110
512
644
479
1381
3103
1284
1294
421
413
1564
930
965
928
494
487
540
648
279
273
3147
829
1509
1240
176
754
615
753
865
1121
1350
467
247
290
622
766
766
844
974
360
1066
409
1113
967
375
1098
1210
839
161
953
267
1241
1718
1252
546
107
246
276
276
264
1612
1057
113
606
744
311
230
159
589
526
157
196
372
437
898
2451
1940
242
494
488
409
208
337
286
264
148
368
162
681
155
128
118
694
663
689
433
748
727
2141
371
720
253
154
127
264
106
202
233
613
116
289
578
136
620
934
962
2115
2184
1199
1563
1563
190
388
232
3574
388
1163
1148
211
168
198
1184
1345
111
1282
184
1350
664
1159
413
1143
294
232
1843
519
584
1077
708
680
314
485
928
165
368
40
118
1435
192
125
479
7463
617
1809
105
238
177
99
226
127
172
204
183
316
227
227
86
530
139
510
788
187
540
7359
584
331
752
82
127
184
850
464
502
606
1092
338
216
324
2229
162
864
796
143
214
209
905
153
306
325
98
97
168
141
324
398
287
171
140
1720
166
196
209
134
140
130
273
83
106
519
122
220
134
316
152
110
150
115
127
115
168
152
113
129
667
96
508
104
86
106
88
87
100
264
147
140
76
313
84
95
82
90
130
65
78
77
79
70
76
128
225
254
191
193
199
189
177
259
281
193
231
151
143
169
181
144
972
627
127
143
127
230
4710
118
123
171
154
175
233
215
176
154
147
151
147
163
183
169
162
162
167
163
200
4864
145
161
246
173
236
150
178
165
137
420
140
446
153
273
160
159
177
283
121
258
134
140
225
190
489
160
170
510
152
112
334
164
116
84
81
226
99
167
84
91
85
93
98
84
847
93
85
93
67
84
92
64
207
245
103
153
5654
551
4674
92
133
150
81
200
264
433
127
236
308
225
247
210
169
170
130
120
180
114
141
154
118
132
116
130
105
154
105
130
139
276
102
250
182
94
112
183
150
112
107
99
100
97
152
126
251
105
101
170
160
231
259
954
1156
174
198
293
147
143
151
70
85
154
79
74
153
63
64
94
172
226
123
132
102
138
207
175
155
211
192
181
176
150
132
158
171
164
135
201
166
128
142
140
122
122
96
117
156
215
106
111
134
132
187
167
372
386
180
188
136
7458
156
571
175
577
142
161
220
232
293
287
152
269
157
1277
156
183
229
156
233
233
220
248
234
141
182
231
220
381
207
281
145
137
5629
336
221
142
162
172
181
155
169
133
157
108
127
151
128
179
171
138
131
211
96
91
188
135
77
102
63
334
62
58
96
103
69
158
78
67
66
124
136
126
144
158
130
120
155
183
153
175
147
152
157
146
156
241
216
158
152
201
389
214
148
177
240
392
163
294
300
1286
293
133
1290
541
142
56
106
97
143
132
719
112
119
102
133
160
148
134
120
140
127
149
139
177
159
695
212
116
108
224
195
210
557
1787
217
181
190
111
153
165
131
176
94
202
79
259
99
85
82
104
113
139
231
127
182
240
205
122
552
143
151
123
532
631
183
117
106
112
101
99
183
182
210
164
3215
4003
142
2667
255
173
149
132
165
141
218
374
286
193
762
120
110
115
116
120
139
181
384
193
138
233
75
74
126
139
118
118
239
280
265
351
73
165
148
132
128
206
118
159
94
100
74
114
77
83
87
76
97
89
110
137
165
90
127
125
164
130
142
136
130
119
141
169
101
175
233
202
198
254
2487
358
175
143
177
163
784
152
137
128
131
135
133
137
256
151
158
165
154
113
206
141
121
126
106
194
256
222
190
186
169
171
167
141
149
130
124
157
119
102
63
57
71
75
58
59
119
186
141
117
149
105
111
99
118
106
188
143
130
135
145
146
344
134
173
163
177
148
121
135
109
157
214
121
126
100
101
116
109
119
165
734
125
148
114
1490
195
189
152
147
109
122
79
92
116
125
144
161
107
321
422
169
80
79
69
68
41
75
41
43
73
128
38
47
56
31
34
30
37
25
54
55
56
60
58
58
59
153
152
116
104
78
35
126
147
7463
142
130
199
141
107
70
49
151
148
61
55
77
77
54
58
47
47
127
113
141
129
63
76
60
104
104
102
101
126
75
59
61
56
81
98
56
50
50
55
52
51
53
53
114
165
172
162
234
168
224
158
167
166
214
215
162
312
146
151
195
199
187
278
152
300
166
141
191
330
108
88
88
147
86
143
117
129
174
209
147
169
145
130
141
124
139
119
149
142
174
137
142
142
153
200
130
130
136
133
162
144
173
170
181
160
260
755
166
256
238
174
242
247
159
138
172
200
125
161
187
132
129
162
145
208
210
211
223
123
128
140
110
101
101
104
98
113
145
171
103
100
76
73
87
78
73
80
80
71
71
67
73
65
62
71
68
100
71
71
112
69
166
120
115
96
94
69
108
87
85
76
89
125
141
154
177
340
170
156
145
132
134
139
154
142
166
186
144
145
149
137
150
199
177
136
189
172
207
156
640
170
217
242
126
166
133
162
123
122
128
135
139
125
135
114
132
205
151
138
159
208
156
171
186
191
188
208
279
134
295
89
77
60
64
116
68
87
61
58
64
81
73
85
89
115
117
130
123
195
121
187
134
129
150
129
308
145
257
279
163
289
224
184
181
143
175
153
169
138
145
191
243
117
142
134
112
108
101
95
93
95
91
96
110
152
100
104
103
205
126
109
146
204
130
307
161
138
178
183
213
147
125
164
146
158
135
116
96
104
113
96
216
128
105
116
93
117
121
130
141
139
108
92
177
181
174
157
203
125
108
74
180
136
148
146
111
6233
93
260
108
265
114
158
148
128
138
128
136
161
144
159
137
137
96
100
127
130
272
119
120
204
127
141
171
95
110
90
102
88
157
160
60
118
198
160
163
129
173
147
131
77
266
82
99
80
138
154
152
161
175
160
112
165
178
141
135
151
121
137
120
140
133
301
232
155
181
153
213
164
200
874
111
144
91
89
1098
93
90
182
133
66
68
65
103
83
117
132
112
257
104
112
144
115
126
114
111
128
121
183
153
178
145
96
57
90
161
1112
143
110
101
106
83
100
101
156
133
182
135
140
420
70
226
70
60
95
74
69
87
78
88
85
85
77
166
164
161
141
161
170
195
149
138
139
244
565
81
230
389
351
111
168
186
234
412
361
197
1722
237
177
198
149
145
149
147
151
285
860
399
257
330
432
144
144
364
145
140
157
285
142
149
135
184
136
136
679
137
283
163
141
2124
173
157
146
271
208
273
203
682
204
286
182
199
167
160
161
367
357
395
177
278
269
336
128
160
358
147
185
339
133
362
386
220
351
296
344
242
211
307
295
133
220
206
358
195
407
494
199
245
236
208
226
232
853
374
218
142
136
147
142
339
151
159
157
202
326
311
281
201
278
176
259
151
212
154
148
160
216
153
7463
156
223
232
241
290
123
214
135
426
538
109
280
372
139
656
192
204
303
147
162
174
170
298
205
249
185
267
414
295
338
140
138
192
164
198
145
285
269
244
165
225
169
142
139
161
236
231
168
185
163
123
131
362
220
346
120
290
220
252
122
288
192
158
279
187
144
231
145
60
73
73
1911
94
102
330
95
150
2797
141
3953
108
192
1351
151
119
1832
157
103
1240
130
226
176
179
962
329
144
161
394
452
514
301
1669
2125
2130
5865
132
516
126
127
420
136
170
195
166
160
164
149
212
185
131
95
150
147
73
29
69
67
231
452
164
230
122
170
604
231
131
70
67
97
82
101
166
331
451
164
180
170
74
39
39
5725
48
306
241
49
90
100
493
242
147
3102
184
81
88
88
143
124
124
105
221
136
150
134
132
168
30
53
53
3962
30
31
146
30
31
166
178
242
115
117
71
130
140
78
200
87
181
162
124
204
195
144
615
366
408
72
222
215
246
1036
172
109
81
450
184
147
159
202
168
430
153
126
1356
174
136
440
130
97
132
104
131
177
110
103
105
51
269
99
41
32
177
148
130
32
222
35
239
155
140
218
138
168
298
148
35
140
476
222
341
102
86
137
222
659
255
242
146
2458
120
116
135
115
7048
1003
147
180
323
84
187
166
106
129
111
107
109
57
64
64
119
873
118
113
639
181
147
165
139
34
73
968
204
111
118
204
139
118
266
125
232
116
181
72
145
141
159
156
49
129
97
97
63
289
221
78
65
56
103
130
155
139
206
330
158
146
117
132
59
460
109
96
93
153
818
130
5243
121
1123
403
187
104
181
209
139
1769
182
4958
120
318
113
203
86
160
227
453
218
939
219
182
144
210
120
135
148
80
275
288
235
169
241
259
158
257
174
159
236
159
198
239
222
953
180
211
243
3919
6974
115
128
128
371
73
142
223
110
108
139
122
181
114
140
152
401
179
281
168
73
163
152
52
67
45
48
142
79
131
210
248
1591
838
630
115
95
157
73
90
89
63
305
84
115
103
130
122
79
154
50
178
91
161
120
130
130
130
6209
116
186
269
145
161
386
199
291
175
129
284
180
189
60
226
112
60
109
218
1943
129
140
140
67
162
134
165
120
124
85
85
86
108
119
138
120
212
126
114
117
127
109
112
134
131
186
190
259
157
141
104
57
57
120
125
810
330
337
155
108
595
66
187
130
124
86
133
129
71
151
55
81
81
80
258
914
336
70
130
182
231
91
158
121
123
77
146
134
430
149
149
148
130
2382
105
108
109
123
103
123
81
181
90
154
142
136
149
135
102
97
128
129
127
144
48
156
165
158
62
108
104
99
100
90
105
173
182
95
221
101
176
173
258
624
133
65
49
157
139
126
545
191
258
140
92
743
91
179
176
78
137
138
100
192
155
317
1151
157
3873
2513
150
290
388
85
126
97
127
142
55
143
188
89
124
166
166
189
160
152
150
152
56
229
78
117
57
1026
115
108
307
128
5485
76
148
116
243
306
134
129
167
166
264
144
693
271
217
169
160
162
180
105
99
56
158
52
51
689
1254
80
987
37
103
131
135
88
88
380
154
874
143
194
153
2525
75
65
17
111
258
82
156
89
91
175
135
133
113
126
258
711
3193
260
63
644
153
203
97
188
117
2997
4371
95
182
94
161
121
58
60
181
1080
113
109
66
75
63
133
49
86
83
86
139
88
146
94
68
171
102
96
66
120
83
80
51
85
121
103
501
61
67
73
131
115
400
54
145
134
107
56
168
156
157
36
196
123
131
136
137
103
141
131
101
80
68
68
146
126
138
87
78
143
157
210
118
165
183
240
123
220
116
128
122
97
124
253
99
93
77
118
321
138
154
314
153
196
64
118
166
221
198
67
67
45
156
322
548
126
127
129
151
142
185
140
72
65
88
89
89
172
130
234
137
68
177
73
87
119
105
90
158
84
1195
489
89
112
90
102
131
105
133
51
50
69
109
134
149
264
99
247
203
148
125
166
63
77
44
113
32
137
194
142
186
84
81
150
152
182
226
86
81
101
97
114
94
130
98
117
146
129
873
141
142
206
137
102
94
161
103
167
166
185
662
155
292
119
96
172
137
221
151
193
286
256
152
197
96
69
97
111
112
123
128
103
150
98
68
96
166
68
851
229
140
68
142
425
2062
101
95
131
84
66
70
115
282
131
206
143
129
97
45
123
91
69
153
100
200
1959
4997
1959
4773
152
195
151
139
142
248
152
164
155
156
201
200
152
134
133
155
138
96
133
102
102
90
143
64
67
152
135
166
151
146
319
98
98
90
109
99
191
123
135
145
143
64
153
131
22
435
194
164
67
79
133
101
110
30
81
2072
72
72
81
148
96
143
130
99
183
128
81
401
102
93
138
150
207
126
5441
145
2061
137
478
127
75
82
116
53
101
62
99
173
379
72
195
77
1252
1029
310
147
113
124
101
101
99
107
142
140
123
144
157
72
131
137
99
97
3225
490
388
80
153
187
107
127
637
60
95
146
688
130
148
92
175
164
156
163
140
140
137
194
189
157
110
196
46
286
136
173
111
163
215
136
151
25
560
62
307
203
259
729
130
79
214
148
102
130
119
71
166
221
161
158
210
127
155
149
71
62
133
61
160
106
139
91
146
147
106
145
323
292
118
202
159
68
72
157
57
113
356
141
101
829
177
160
1305
278
191
247
4501
1030
154
94
321
284
97
126
141
4722
221
219
93
771
665
135
333
164
181
163
158
204
199
213
332
154
293
146
160
265
134
131
151
199
117
52
82
138
141
78
106
81
211
132
128
118
219
133
111
242
92
104
30
69
471
144
147
87
112
182
94
50
50
186
133
141
140
147
64
64
204
77
74
75
86
79
80
121
81
125
176
75
67
107
106
151
78
93
89
121
124
149
123
166
580
278
191
257
141
154
128
131
127
129
121
87
78
126
80
80
188
176
160
233
318
1169
879
59
157
55
56
62
61
62
68
87
136
169
228
151
157
621
169
143
162
139
386
156
101
87
73
65
56
49
72
59
60
121
124
112
116
96
92
271
99
159
120
133
176
76
250
152
170
159
171
139
65
132
54
54
53
53
124
72
112
126
140
136
140
141
152
398
135
135
66
110
141
29
340
68
148
32
150
148
225
127
42
157
155
177
231
212
188
100
139
153
51
52
143
141
28
110
94
149
139
616
4458
1614
150
52
97
62
62
261
176
135
154
152
172
207
102
167
183
136
141
138
71
70
239
113
127
85
84
1149
165
618
299
28
108
105
98
210
213
128
66
62
123
118
281
139
914
154
137
129
151
147
143
75
122
62
60
65
65
122
126
126
60
390
212
206
166
190
192
635
117
115
156
249
194
120
120
134
146
137
124
124
130
292
131
115
153
100
119
186
68
258
185
132
191
36
18
393
160
2923
89
129
153
125
135
122
31
103
654
56
63
39
134
135
135
33
30
36
51
43
46
62
72
68
67
55
55
68
118
65
60
60
145
124
113
91
89
197
131
137
169
250
1189
66
3281
162
123
986
933
123
123
105
104
104
133
101
174
109
114
113
129
90
105
173
181
209
100
109
121
163
150
184
153
150
129
125
128
125
117
114
125
89
227
81
141
174
69
74
72
169
117
100
102
142
146
118
111
79
79
131
82
129
136
132
105
98
104
86
148
99
104
137
2202
139
89
91
157
134
263
136
134
160
127
127
127
90
128
110
156
46
62
152
73
66
138
238
135
202
135
138
135
156
134
128
131
119
118
141
57
156
114
102
127
129
156
151
127
68
185
137
97
142
126
119
83
30
60
60
133
133
86
88
1078
108
82
58
129
71
70
70
862
132
176
89
110
126
281
213
71
83
145
136
95
184
59
30
142
174
148
142
126
92
30
212
131
194
162
256
83
75
207
196
211
164
154
108
154
128
436
304
153
58
44
92
97
104
139
138
166
171
96
117
351
2382
170
166
133
111
98
104
101
112
109
108
105
115
18
152
114
153
86
24
24
126
112
79
911
81
157
105
135
56
158
91
348
123
127
133
144
115
124
145
118
116
131
125
124
199
116
115
96
122
195
159
202
231
128
132
77
227
5948
79
131
107
79
126
69
81
75
64
261
79
106
104
90
78
745
214
63
74
66
138
147
144
82
30
152
138
69
385
442
147
231
168
342
131
183
162
150
189
725
169
148
332
151
144
51
63
148
133
183
130
60
59
58
60
2138
59
121
102
102
615
180
35
280
62
787
129
61
89
108
90
108
76
83
165
29
314
334
55
99
127
138
137
147
116
82
75
72
73
70
115
105
144
54
47
120
69
190
140
63
82
120
159
153
123
126
125
122
98
90
171
288
90
118
55
70
130
201
108
104
1902
196
96
118
131
70
73
200
724
773
95
123
106
145
163
156
167
144
153
71
403
35
63
55
125
237
72
83
70
87
584
837
240
118
104
176
300
195
277
240
176
139
201
175
150
253
290
231
146
161
188
190
167
171
186
161
157
58
86
1469
85
89
113
915
111
100
146
370
223
196
119
165
113
89
107
107
97
139
139
130
135
125
109
69
53
317
117
40
126
126
148
133
211
120
149
135
138
69
153
183
196
132
112
109
109
136
119
455
406
92
119
517
121
31
41
440
2220
415
140
133
106
65
69
109
21
683
130
63
219
70
522
146
130
367
154
135
424
3678
3754
54
121
178
121
196
928
1024
2152
3253
3908
54
74
105
100
71
72
109
75
144
123
119
99
82
61
209
133
74
45
42
39
171
140
77
52
56
84
258
213
75
113
61
105
117
125
132
102
271
117
160
143
119
31
64
2251
205
141
137
330
141
105
183
106
219
143
659
143
143
129
265
132
130
117
388
60
4120
2071
70
134
142
200
165
179
183
191
128
286
72
252
150
139
62
130
112
112
315
143
128
274
722
1623
94
115
115
260
2933
366
304
237
459
177
696
1128
82
338
166
892
723
160
333
3210
178
181
143
240
171
125
131
126
218
139
136
185
175
129
129
136
131
3537
144
203
116
115
85
995
245
91
91
75
75
775
115
136
166
158
123
140
205
266
98
1647
143
141
614
203
139
115
38
153
122
61
181
88
151
161
221
158
62
62
139
40
42
43
163
510
208
98
102
135
107
84
164
69
331
100
179
416
974
101
153
241
96
165
202
313
166
125
112
194
109
107
342
85
66
192
54
44
118
163
31
46
31
42
34
35
63
52
45
30
107
103
112
92
116
89
284
91
275
231
197
128
139
130
87
45
70
67
42
77
69
68
121
113
50
42
374
168
473
205
457
148
136
370
138
97
189
127
103
113
79
86
118
115
322
150
100
94
95
97
115
434
156
417
122
83
159
159
117
191
229
139
233
337
614
208
300
198
124
120
124
276
593
305
265
198
279
21
143
67
223
3437
70
145
220
209
273
326
200
216
478
144
100
107
104
180
117
125
154
2042
377
91
530
290
219
202
120
53
55
1023
129
47
150
226
182
79
66
352
144
777
255
119
206
181
70
70
92
84
67
1110
138
393
89
77
84
89
89
59
141
304
47
465
143
1698
392
154
141
112
220
447
247
277
68
205
54
94
357
235
119
114
116
130
100
70
136
49
28
38
28
36
38
55
62
156
126
50
84
86
89
155
154
280
119
166
176
147
82
136
149
178
49
155
107
151
102
124
317
250
236
214
80
102
28
28
104
138
143
114
258
98
124
143
124
119
128
228
247
231
1350
67
208
234
180
27
94
443
115
265
186
213
2902
58
135
126
128
274
129
90
169
136
123
101
169
100
295
149
269
149
133
106
173
817
235
196
224
64
43
3876
135
97
74
75
77
199
449
158
138
48
120
224
59
90
91
162
132
220
134
142
62
75
190
121
63
95
70
118
121
173
62
61
60
56
41
38
1794
40
351
231
121
1738
127
103
123
123
112
111
208
132
153
133
194
300
300
239
202
57
652
164
226
45
60
61
154
195
133
65
186
155
409
2468
171
103
290
104
560
41
71
67
141
93
133
90
112
86
106
195
83
69
28
23
140
424
165
149
144
106
260
146
60
259
214
187
205
233
186
335
194
143
144
1275
132
250
70
190
152
198
154
993
148
158
94
109
143
620
154
154
472
84
85
74
69
74
78
113
72
143
1406
73
104
2046
2239
61
59
73
70
70
150
134
145
144
143
137
134
660
135
248
133
918
384
163
433
105
170
628
134
270
136
100
46
55
5759
193
2497
176
131
147
156
129
137
119
127
247
88
112
134
208
131
138
93
92
132
93
141
138
62
64
188
65
60
136
71
54
76
52
39
137
224
81
97
179
214
251
470
237
292
544
889
78
122
136
128
693
126
132
103
328
252
175
121
120
98
343
162
162
99
104
88
111
90
91
73
82
87
99
304
120
135
119
429
101
104
164
153
232
126
5171
344
160
186
186
152
170
193
134
48
341
105
118
201
159
21
110
82
140
201
225
2574
60
99
62
59
80
72
73
130
160
393
239
457
177
217
207
196
104
721
122
111
140
91
254
1454
80
38
34
51
135
5302
995
132
986
359
857
1221
86
121
154
171
202
333
230
222
2342
123
631
117
134
179
36
39
310
160
254
316
48
80
95
79
82
93
269
133
118
135
121
301
166
153
158
188
204
146
170
154
189
197
186
178
145
265
145
241
151
234
121
119
170
74
89
146
80
89
84
55
134
71
55
96
475
210
146
920
127
151
77
62
71
51
140
51
45
34
97
86
128
132
119
138
73
128
110
104
55
127
115
145
186
216
35
64
109
162
150
132
60
189
40
30
48
31
229
156
122
159
130
185
179
157
102
122
90
107
210
85
90
103
102
119
117
125
170
146
249
172
162
266
153
150
615
94
173
93
109
104
376
258
376
75
132
554
155
155
281
412
98
233
135
176
149
89
78
61
61
103
91
62
62
104
182
909
266
144
58
4367
114
665
218
151
276
44
314
76
110
98
448
167
178
146
121
225
215
134
130
93
143
103
64
191
133
112
66
80
65
91
93
79
167
63
94
131
111
101
86
128
84
139
176
168
142
132
135
140
142
143
135
130
113
128
760
213
141
209
284
181
239
252
169
4111
117
916
118
86
86
84
479
195
156
132
325
94
123
143
264
127
583
135
632
146
178
99
456
91
151
152
49
812
233
225
155
130
125
204
1527
153
363
71
82
96
87
118
275
242
208
215
167
198
272
426
89
1114
135
65
68
67
152
128
547
558
122
122
292
159
1531
80
151
70
201
473
41
3593
188
108
95
85
199
115
181
154
86
235
379
118
467
157
183
117
109
109
145
156
44
39
52
60
52
59
72
127
321
121
153
146
146
171
163
109
212
62
65
65
103
149
67
97
110
146
106
106
105
238
135
116
90
88
151
84
87
76
305
155
191
153
205
187
144
143
175
166
149
133
241
197
171
158
252
128
143
127
180
67
4661
49
34
132
61
133
139
157
4441
48
53
65
70
73
81
79
74
75
100
83
92
69
61
75
65
85
106
85
62
63
96
109
119
142
133
103
109
110
147
152
105
121
113
110
118
119
116
37
76
72
81
147
122
64
151
134
66
160
134
259
189
141
111
114
119
69
68
68
152
262
221
63
61
119
63
165
148
137
1237
108
470
441
54
196
54
152
150
127
136
55
902
1229
41
88
108
108
96
160
155
49
78
52
82
82
139
139
271
118
79
179
530
104
132
629
141
121
108
178
133
132
135
234
112
128
114
117
156
126
51
133
389
358
159
145
151
158
130
139
135
162
119
505
107
279
74
67
79
99
97
81
1926
87
338
504
134
190
2209
210
57
350
752
135
126
70
111
90
136
187
342
227
140
129
153
375
96
227
144
166
264
87
58
413
144
124
123
129
195
142
154
90
191
350
107
139
95
134
62
106
161
99
181
237
234
123
329
230
106
286
538
245
365
274
97
57
150
154
117
320
1174
63
62
235
33
92
350
145
86
33
32
33
136
607
72
634
125
431
113
113
198
346
150
113
101
996
90
338
154
183
74
53
108
170
101
99
163
123
129
161
129
139
88
86
88
987
135
128
135
130
185
158
150
163
195
179
175
151
209
226
147
248
149
143
181
121
106
240
145
193
123
147
156
153
139
81
126
149
128
160
90
77
66
66
65
81
394
86
102
87
234
96
1336
111
461
215
138
142
123
179
135
162
262
182
126
157
241
194
162
129
137
142
165
175
169
140
154
113
119
144
105
120
100
108
140
150
111
169
154
162
110
178
142
123
151
152
144
132
133
270
358
161
145
131
130
129
167
133
132
640
167
148
5917
606
138
98
359
284
190
164
134
130
126
332
148
141
250
146
192
531
113
159
126
73
89
178
108
122
111
100
93
114
169
73
153
153
293
245
169
150
29
34
112
105
183
137
189
100
102
72
70
57
198
136
151
121
181
997
178
581
369
755
610
77
258
54
123
126
172
140
180
231
82
70
1548
66
133
258
156
121
292
201
137
183
155
146
114
183
86
135
137
186
158
155
109
242
99
78
381
418
252
130
127
137
44
49
225
270
243
297
158
137
161
68
100
189
63
99
93
150
69
122
80
90
113
116
143
116
118
104
73
71
115
69
118
138
110
111
103
103
89
87
120
153
104
103
102
115
104
200
88
97
96
86
125
90
1947
105
98
86
85
279
119
36
55
150
546
152
154
199
191
248
115
61
56
121
156
215
104
139
116
126
168
248
156
395
136
129
138
73
72
403
130
159
140
129
138
188
95
94
114
142
143
134
118
126
129
139
74
80
111
384
116
345
89
114
163
107
181
134
183
92
144
151
202
127
86
45
268
99
113
169
118
191
171
213
159
210
143
142
41
99
102
112
91
91
111
107
129
128
95
114
95
142
115
87
99
248
143
153
135
97
163
164
211
73
126
67
174
129
129
119
115
113
31
56
78
66
102
140
185
153
195
139
159
186
105
3702
153
126
90
125
4197
1020
222
152
152
80
71
153
116
63
3757
46
65
69
66
84
81
140
89
81
116
110
152
139
96
169
108
286
64
57
58
74
53
59
96
308
147
174
138
84
84
134
349
77
671
128
106
104
104
96
241
157
1339
117
124
149
246
220
154
178
220
148
111
132
1249
239
139
207
111
472
124
113
130
126
66
366
140
205
68
3581
78
2539
97
100
128
66
68
65
99
104
79
92
83
93
138
141
737
164
116
154
63
90
79
85
86
122
115
130
137
153
143
156
177
76
120
175
135
125
79
2834
250
126
131
728
166
180
228
112
2854
122
369
140
136
400
346
108
100
99
151
80
268
46
42
43
180
272
146
494
94
101
127
173
205
132
331
158
195
184
149
29
43
118
1119
171
97
135
178
86
107
502
74
157
160
202
128
140
215
162
323
150
143
180
104
91
96
137
62
83
78
96
85
76
87
199
175
98
102
102
202
130
124
185
287
254
238
198
148
131
145
195
170
226
143
561
28
48
72
95
90
73
147
98
123
202
143
161
157
802
172
159
495
209
189
247
80
128
126
193
145
239
243
261
1080
156
117
1305
241
5525
5019
126
105
118
111
99
103
196
79
81
38
34
26
37
34
1777
370
159
61
80
77
74
57
58
203
138
137
253
202
115
285
594
284
319
128
229
160
162
151
169
639
81
171
98
77
51
271
74
460
180
106
133
87
104
145
143
144
223
143
160
208
193
211
96
110
119
118
115
134
167
185
115
139
142
313
314
105
101
110
76
152
178
125
120
1140
102
142
168
105
145
1267
102
101
133
127
129
250
123
145
347
136
326
239
117
110
102
125
163
132
222
132
110
97
218
53
219
128
122
124
168
120
92
62
135
139
130
133
123
134
79
137
139
262
124
130
136
133
80
81
61
114
355
101
59
59
97
89
86
159
136
154
149
196
330
177
131
137
136
161
157
109
144
149
165
129
145
181
264
123
105
93
69
69
69
61
67
404
201
190
142
152
159
158
147
102
148
171
132
95
89
156
100
261
260
89
138
155
145
101
125
125
165
185
281
216
99
325
191
136
163
113
119
116
155
219
545
148
130
339
137
273
146
115
98
132
5697
136
181
105
224
145
117
109
134
168
167
219
136
129
114
112
245
43
35
104
79
118
87
113
132
240
121
125
135
254
139
101
30
98
36
207
148
78
286
594
123
322
116
118
169
195
72
25
119
56
84
202
317
867
114
114
168
125
398
76
118
68
92
107
125
116
119
115
78
79
87
83
1392
133
472
89
157
125
114
117
145
203
125
695
157
357
159
282
141
964
251
452
128
100
98
139
146
63
63
908
113
136
125
142
111
87
89
100
133
190
127
158
210
141
162
122
107
155
87
106
88
84
109
107
74
76
85
78
53
61
117
98
563
187
760
239
30
76
116
123
98
97
130
112
139
135
131
146
164
102
126
132
98
89
146
165
91
90
95
242
222
156
136
187
164
277
136
307
89
131
127
127
208
204
196
233
146
146
214
205
92
92
105
92
131
68
68
68
68
94
65
69
68
110
79
130
741
151
334
137
221
197
213
168
232
345
173
253
223
163
145
145
164
181
246
199
583
159
239
122
147
149
136
151
143
156
93
51
159
134
109
105
84
63
104
154
183
173
258
132
152
183
168
122
101
105
100
96
120
222
192
100
115
98
103
105
95
212
139
75
82
124
132
148
151
140
136
123
119
65
193
177
93
94
217
83
83
116
64
163
63
63
99
58
114
61
32
73
134
59
157
213
141
175
156
142
149
213
158
147
151
130
58
109
105
127
115
119
60
79
128
115
232
120
187
117
163
171
250
85
97
81
77
142
160
158
155
125
97
124
134
122
143
144
78
121
170
102
224
149
173
305
175
436
225
176
135
117
93
137
179
761
134
652
143
131
214
162
192
279
301
305
311
192
158
150
158
182
3478
185
183
135
218
157
203
165
132
386
142
42
71
65
78
582
147
296
119
95
91
152
195
92
259
104
103
203
105
53
51
69
55
137
214
415
219
300
198
180
167
333
975
190
388
515
117
116
93
100
188
262
175
211
119
89
88
101
67
125
137
186
124
215
139
132
174
146
125
146
252
425
187
122
246
143
170
145
233
128
147
179
196
186
385
344
289
132
151
176
196
171
273
158
260
97
167
181
163
225
173
160
231
157
100
166
86
1006
170
306
241
199
199
303
216
154
197
155
635
172
616
125
136
132
116
252
115
215
104
87
175
202
523
163
820
109
401
164
268
267
176
181
144
186
184
156
151
152
225
185
98
189
132
278
189
84
61
157
162
141
113
147
96
91
92
130
157
183
148
224
214
173
219
177
158
146
295
197
165
175
193
137
183
140
138
142
139
119
120
114
142
219
243
144
175
202
530
177
122
136
224
205
156
220
139
111
152
185
121
122
224
190
225
186
179
436
161
108
62
158
160
161
151
76
490
188
138
151
72
128
119
1166
98
98
127
372
176
87
107
59
157
110
214
74
85
69
69
158
139
129
152
145
147
146
135
123
139
155
114
109
84
85
158
98
66
81
54
250
54
97
128
89
96
137
97
267
248
175
323
180
119
104
143
158
129
117
115
122
102
174
182
237
101
203
437
148
167
157
146
148
147
161
117
118
141
129
116
120
206
148
143
164
116
101
101
122
99
368
148
144
110
185
119
213
149
207
130
306
138
175
159
163
164
211
207
203
298
577
268
174
544
224
94
98
327
137
127
181
175
188
193
247
146
95
152
144
150
149
136
222
156
132
139
133
147
149
148
271
119
158
140
178
141
123
187
91
92
84
146
150
174
128
128
101
104
242
79
311
150
95
127
119
119
116
138
146
170
135
248
112
107
76
143
109
136
1545
75
126
126
134
235
68
62
136
181
193
278
173
160
203
204
196
227
174
180
225
427
160
244
166
193
187
158
154
194
184
154
61
183
280
167
152
97
61
128
172
168
94
122
124
125
112
105
168
157
172
136
80
157
177
166
75
202
152
77
91
202
126
96
134
135
109
119
1377
234
95
175
212
105
186
118
147
206
136
108
286
246
262
255
498
342
158
334
312
144
332
180
175
291
302
129
750
431
164
128
94
153
195
176
142
114
157
321
153
149
161
122
221
144
236
129
270
158
283
664
216
151
366
282
184
168
136
147
167
166
273
286
386
138
311
221
258
244
221
118
156
173
148
99
160
107
257
167
196
120
180
388
161
115
132
120
447
193
372
116
143
575
529
156
464
202
117
171
165
373
108
906
699
122
132
143
216
145
715
213
211
384
107
197
131
167
120
107
142
132
181
259
98
192
151
98
155
156
182
158
135
160
333
344
148
125
233
107
96
175
124
167
136
178
342
107
143
113
136
118
157
216
112
244
243
114
261
112
147
144
310
179
127
367
124
184
110
130
118
119
286
388
79
34
29
72
56
41
28
29
80
68
70
78
86
114
107
40
78
38
137
94
32
87
63
42
82
30
95
32
76
79
127
124
233
428
125
159
174
136
127
159
153
205
144
179
187
174
443
123
124
175
151
178
126
141
152
245
125
115
552
317
176
454
158
177
182
165
203
132
138
154
120
79
130
49
309
175
182
126
75
170
127
120
76
179
148
196
127
143
138
107
162
127
140
177
135
158
135
123
178
140
121
165
220
135
89
158
159
177
112
81
104
73
111
67
73
87
105
114
110
245
243
92
83
86
133
134
146
208
145
140
214
81
167
133
137
198
256
165
119
107
121
184
151
151
85
74
103
126
172
148
121
226
99
151
169
83
87
148
81
121
159
139
136
161
145
127
274
162
154
150
139
119
90
197
178
155
107
88
176
200
119
237
116
75
170
180
120
232
223
128
180
86
87
108
165
127
119
121
119
133
122
119
110
179
139
129
113
124
175
150
107
189
106
95
159
113
231
159
172
325
130
566
153
131
76
187
126
118
116
328
143
158
142
151
166
171
214
113
105
101
179
226
155
132
156
138
226
125
151
45
45
48
47
45
47
19
124
138
212
133
119
325
279
138
149
170
182
81
152
191
170
137
957
267
224
144
3771
238
210
176
147
7391
192
237
96
2780
168
158
292
103
220
156
142
192
144
145
337
163
134
183
168
94
153
366
148
203
129
98
202
117
123
32
47
68
31
51
35
31
55
30
25
43
37
130
186
201
107
118
64
173
162
118
104
177
139
125
108
108
214
267
640
166
130
130
143
200
94
208
139
57
59
78
44
68
63
93
65
74
62
73
81
61
53
114
89
67
93
57
55
74
135
123
223
165
143
121
146
120
86
86
139
141
125
127
156
70
97
113
121
51
51
119
113
125
121
142
139
75
132
100
154
115
106
135
121
100
115
130
101
199
133
140
130
176
150
125
42
36
122
123
133
124
137
122
64
138
132
120
125
128
94
523
2969
18
20
132
121
26
135
145
141
163
67
100
95
137
161
119
119
111
109
198
56
131
442
89
109
168
134
134
632
130
104
27
217
104
120
121
123
130
215
194
776
922
131
154
162
137
161
169
146
135
346
807
498
143
118
176
141
1148
164
140
136
135
118
109
881
141
123
123
125
163
121
181
798
237
150
149
147
81
128
159
97
99
99
110
107
130
64
136
555
163
150
152
147
113
141
140
189
158
142
99
144
216
73
84
151
156
123
226
26
129
180
113
113
205
205
153
136
136
119
119
126
119
119
119
119
183
99
92
79
85
72
57
47
63
78
61
67
84
66
66
70
76
70
109
86
77
76
97
95
104
111
106
82
230
227
185
185
191
237
201
237
175
232
237
178
178
287
111
27
158
126
69
143
141
146
102
80
102
107
103
88
88
97
128
187
108
102
82
86
94
1556
